27, 8, pa1-unknown-i-output1.txt
  190.67,   204.35,   210.66
  383.36,   383.52,   196.76
  209.06,   209.51,   211.43
  207.30,   206.04,   336.37
  205.53,   202.57,   461.31
  211.39,   334.44,   214.93
  209.63,   330.97,   339.87
  207.87,   327.50,   464.81
  213.73,   459.37,   218.43
  211.96,   455.90,   343.37
  210.20,   452.43,   468.31
  334.02,   207.12,   213.13
  332.26,   203.66,   338.07
  330.50,   200.19,   463.01
  336.36,   332.05,   216.63
  334.60,   328.59,   341.57
  332.83,   325.12,   466.51
  338.69,   456.98,   220.13
  336.93,   453.52,   345.07
  335.17,   450.05,   470.01
  458.99,   204.74,   214.83
  457.23,   201.27,   339.77
  455.46,   197.81,   464.71
  461.32,   329.67,   218.33
  459.56,   326.20,   343.27
  457.80,   322.74,   468.21
  463.66,   454.60,   221.83
  461.89,   451.13,   346.77
  460.13,   447.67,   471.71
  208.12,   211.35,   450.42
  209.64,   212.28,   575.41
  211.16,   213.22,   700.39
  211.54,   336.30,   449.44
  213.06,   337.23,   574.43
  214.58,   338.17,   699.41
  214.96,   461.25,   448.46
  216.48,   462.18,   573.45
  218.00,   463.12,   698.44
  333.07,   207.92,   448.93
  334.58,   208.85,   573.91
  336.10,   209.79,   698.90
  336.49,   332.87,   447.95
  338.00,   333.80,   572.94
  339.52,   334.74,   697.92
  339.91,   457.82,   446.97
  341.42,   458.75,   571.96
  342.94,   459.69,   696.94
  458.01,   204.49,   447.43
  459.53,   205.42,   572.42
  461.05,   206.36,   697.41
  461.43,   329.43,   446.46
  462.95,   330.37,   571.44
  464.47,   331.31,   696.43
  464.85,   454.38,   445.48
  466.37,   455.32,   570.47
  467.89,   456.26,   695.45
  208.09,   449.13,   211.18
  207.71,   448.01,   336.17
  207.33,   446.88,   461.17
  208.35,   574.13,   212.31
  207.97,   573.00,   337.30
  207.60,   571.88,   462.29
  208.62,   699.12,   213.43
  208.24,   698.00,   338.43
  207.86,   696.87,   463.42
  333.09,   448.87,   211.55
  332.71,   447.74,   336.55
  332.33,   446.61,   461.54
  333.35,   573.86,   212.68
  332.97,   572.73,   337.68
  332.60,   571.61,   462.67
  333.61,   698.86,   213.81
  333.24,   697.73,   338.80
  332.86,   696.60,   463.80
  458.08,   448.60,   211.93
  457.71,   447.47,   336.92
  457.33,   446.34,   461.92
  458.35,   573.59,   213.06
  457.97,   572.47,   338.05
  457.59,   571.34,   463.05
  458.61,   698.59,   214.18
  458.24,   697.46,   339.18
  457.86,   696.33,   464.17
  209.45,   451.25,   448.31
  207.02,   448.96,   573.26
  204.59,   446.67,   698.22
  207.91,   576.22,   450.57
  205.48,   573.93,   575.52
  203.05,   571.64,   700.48
  206.36,   701.19,   452.83
  203.93,   698.90,   577.79
  201.50,   696.61,   702.74
  334.42,   452.75,   450.77
  331.99,   450.46,   575.72
  329.56,   448.17,   700.68
  332.87,   577.72,   453.03
  330.44,   575.43,   577.98
  328.01,   573.14,   702.94
  331.33,   702.69,   455.29
  328.90,   700.40,   580.24
  326.47,   698.11,   705.20
  459.38,   454.25,   453.22
  456.95,   451.96,   578.18
  454.52,   449.67,   703.13
  457.84,   579.22,   455.48
  455.41,   576.93,   580.44
  452.98,   574.64,   705.40
  456.30,   704.19,   457.75
  453.87,   701.90,   582.70
  451.44,   699.61,   707.66
  448.15,   211.86,   208.51
  450.31,   215.37,   333.44
  452.47,   218.88,   458.37
  448.76,   336.81,   204.99
  450.92,   340.32,   329.92
  453.08,   343.83,   454.85
  449.36,   461.75,   201.46
  451.52,   465.27,   326.39
  453.68,   468.78,   451.33
  573.13,   211.19,   206.37
  575.29,   214.70,   331.30
  577.45,   218.22,   456.23
  573.74,   336.14,   202.85
  575.90,   339.65,   327.78
  578.06,   343.16,   452.71
  574.34,   461.09,   199.32
  576.50,   464.60,   324.25
  578.66,   468.11,   449.19
  698.11,   210.52,   204.23
  700.27,   214.03,   329.16
  702.43,   217.55,   454.09
  698.72,   335.47,   200.70
  700.88,   338.98,   325.64
  703.04,   342.50,   450.57
  699.32,   460.42,   197.18
  701.48,   463.93,   322.11
  703.64,   467.45,   447.04
  450.22,   208.03,   451.10
  452.26,   208.53,   576.08
  454.29,   209.03,   701.06
  448.95,   333.03,   450.62
  450.99,   333.53,   575.60
  453.03,   334.03,   700.58
  447.68,   458.02,   450.14
  449.72,   458.52,   575.12
  451.76,   459.02,   700.10
  575.20,   209.29,   449.05
  577.23,   209.79,   574.04
  579.27,   210.29,   699.02
  573.93,   334.29,   448.57
  575.97,   334.79,   573.56
  578.00,   335.29,   698.54
  572.66,   459.28,   448.09
  574.70,   459.78,   573.08
  576.74,   460.28,   698.06
  700.17,   210.55,   447.01
  702.21,   211.05,   571.99
  704.25,   211.55,   696.98
  698.90,   335.55,   446.53
  700.94,   336.05,   571.51
  702.98,   336.55,   696.50
  697.64,   460.54,   446.05
  699.67,   461.04,   571.03
  701.71,   461.54,   696.02
  449.25,   449.71,   209.07
  451.34,   449.10,   334.05
  453.42,   448.49,   459.03
  445.98,   574.66,   209.73
  448.06,   574.06,   334.71
  450.14,   573.45,   459.70
  442.70,   699.62,   210.39
  444.78,   699.01,   335.38
  446.87,   698.40,   460.36
  574.19,   452.99,   207.00
  576.27,   452.39,   331.99
  578.36,   451.78,   456.97
  570.92,   577.95,   207.67
  573.00,   577.34,   332.65
  575.08,   576.74,   457.63
  567.64,   702.91,   208.33
  569.72,   702.30,   333.31
  571.81,   701.69,   458.29
  699.13,   456.28,   204.94
  701.21,   455.67,   329.92
  703.30,   455.07,   454.90
  695.86,   581.24,   205.60
  697.94,   580.63,   330.58
  700.02,   580.02,   455.56
  692.58,   706.19,   206.26
  694.66,   705.58,   331.24
  696.75,   704.98,   456.22
  451.01,   451.02,   450.68
  451.42,   454.15,   575.64
  451.83,   457.27,   700.60
  454.07,   575.95,   447.54
  454.48,   579.07,   572.50
  454.89,   582.20,   697.46
  457.13,   700.87,   444.41
  457.54,   704.00,   569.37
  457.95,   707.12,   694.33
  575.98,   447.95,   450.34
  576.39,   451.08,   575.30
  576.79,   454.21,   700.26
  579.03,   572.88,   447.21
  579.44,   576.00,   572.17
  579.85,   579.13,   697.13
  582.09,   697.80,   444.07
  582.50,   700.93,   569.03
  582.91,   704.05,   693.99
  700.94,   444.89,   450.01
  701.35,   448.01,   574.97
  701.76,   451.14,   699.93
  704.00,   569.81,   446.87
  704.41,   572.94,   571.84
  704.82,   576.06,   696.80
  707.06,   694.73,   443.74
  707.47,   697.86,   568.70
  707.88,   700.98,   693.66
