27, 8, pa1-unknown-h-output1.txt
  188.24,   232.00,   215.17
  389.13,   392.07,   198.04
  211.12,   209.25,   210.92
  211.02,   209.71,   335.92
  210.91,   210.17,   460.92
  211.64,   334.25,   210.46
  211.54,   334.71,   335.46
  211.43,   335.17,   460.46
  212.16,   459.25,   210.00
  212.06,   459.71,   335.00
  211.95,   460.16,   460.00
  336.12,   208.73,   211.03
  336.02,   209.19,   336.03
  335.91,   209.65,   461.02
  336.64,   333.73,   210.57
  336.54,   334.19,   335.57
  336.43,   334.65,   460.57
  337.16,   458.73,   210.11
  337.06,   459.19,   335.11
  336.95,   459.64,   460.11
  461.12,   208.21,   211.13
  461.02,   208.67,   336.13
  460.91,   209.13,   461.13
  461.64,   333.21,   210.68
  461.54,   333.67,   335.67
  461.43,   334.13,   460.67
  462.16,   458.21,   210.22
  462.06,   458.67,   335.22
  461.95,   459.12,   460.22
  211.05,   210.95,   449.91
  211.92,   210.95,   574.91
  212.79,   210.95,   699.90
  209.09,   335.93,   449.92
  209.96,   335.93,   574.92
  210.84,   335.93,   699.92
  207.14,   460.92,   449.94
  208.01,   460.92,   574.93
  208.88,   460.91,   699.93
  336.03,   212.90,   449.04
  336.90,   212.90,   574.03
  337.77,   212.90,   699.03
  334.07,   337.89,   449.05
  334.95,   337.89,   574.05
  335.82,   337.88,   699.05
  332.12,   462.87,   449.07
  332.99,   462.87,   574.06
  333.86,   462.87,   699.06
  461.01,   214.86,   448.17
  461.88,   214.85,   573.16
  462.75,   214.85,   698.16
  459.06,   339.84,   448.18
  459.93,   339.84,   573.18
  460.80,   339.84,   698.17
  457.10,   464.82,   448.19
  457.97,   464.82,   573.19
  458.85,   464.82,   698.19
  211.33,   451.79,   209.72
  208.99,   448.13,   334.65
  206.64,   444.47,   459.57
  207.93,   576.70,   213.32
  205.59,   573.03,   338.25
  203.25,   569.37,   463.17
  204.54,   701.60,   216.92
  202.20,   697.94,   341.84
  199.85,   694.27,   466.77
  336.26,   455.12,   212.16
  333.92,   451.46,   337.09
  331.58,   447.79,   462.01
  332.87,   580.02,   215.76
  330.52,   576.36,   340.69
  328.18,   572.70,   465.61
  329.47,   704.92,   219.36
  327.13,   701.26,   344.29
  324.79,   697.60,   469.21
  461.19,   458.44,   214.60
  458.85,   454.78,   339.53
  456.51,   451.12,   464.45
  457.80,   583.35,   218.20
  455.45,   579.68,   343.13
  453.11,   576.02,   468.05
  454.40,   708.25,   221.80
  452.06,   704.59,   346.73
  449.72,   700.92,   471.65
  210.74,   449.33,   451.85
  212.80,   450.10,   576.83
  214.86,   450.86,   701.81
  208.37,   574.31,   451.12
  210.43,   575.07,   576.10
  212.49,   575.84,   701.08
  206.00,   699.28,   450.40
  208.06,   700.05,   575.38
  210.12,   700.81,   700.36
  335.70,   451.69,   449.78
  337.76,   452.45,   574.76
  339.82,   453.22,   699.74
  333.33,   576.66,   449.05
  335.39,   577.43,   574.03
  337.45,   578.19,   699.01
  330.96,   701.64,   448.32
  333.02,   702.40,   573.30
  335.08,   703.17,   698.28
  460.66,   454.04,   447.70
  462.72,   454.81,   572.68
  464.78,   455.57,   697.66
  458.29,   579.02,   446.98
  460.35,   579.79,   571.96
  462.41,   580.55,   696.94
  455.92,   704.00,   446.25
  457.98,   704.76,   571.23
  460.04,   705.53,   696.21
  448.43,   211.71,   209.76
  450.58,   213.78,   334.73
  452.73,   215.84,   459.69
  447.63,   336.70,   207.71
  449.78,   338.76,   332.68
  451.93,   340.82,   457.64
  446.83,   461.68,   205.67
  448.98,   463.74,   330.63
  451.13,   465.80,   455.59
  573.40,   212.48,   207.59
  575.56,   214.54,   332.56
  577.71,   216.60,   457.52
  572.61,   337.46,   205.55
  574.76,   339.52,   330.51
  576.91,   341.58,   455.48
  571.81,   462.44,   203.50
  573.96,   464.50,   328.46
  576.11,   466.56,   453.43
  698.38,   213.24,   205.43
  700.54,   215.30,   330.39
  702.69,   217.37,   455.36
  697.58,   338.22,   203.38
  699.74,   340.28,   328.35
  701.89,   342.35,   453.31
  696.78,   463.20,   201.33
  698.94,   465.27,   326.30
  701.09,   467.33,   451.26
  450.07,   211.16,   451.55
  450.84,   211.80,   576.54
  451.61,   212.44,   701.54
  453.66,   336.10,   450.88
  454.43,   336.74,   575.88
  455.20,   337.39,   700.87
  457.25,   461.05,   450.22
  458.02,   461.69,   575.21
  458.79,   462.33,   700.21
  575.02,   207.56,   450.80
  575.78,   208.20,   575.79
  576.55,   208.85,   700.79
  578.61,   332.51,   450.13
  579.37,   333.15,   575.13
  580.14,   333.79,   700.12
  582.19,   457.46,   449.47
  582.96,   458.10,   574.46
  583.73,   458.74,   699.46
  699.96,   203.97,   450.05
  700.73,   204.61,   575.04
  701.50,   205.25,   700.04
  703.55,   328.92,   449.38
  704.32,   329.56,   574.38
  705.09,   330.20,   699.37
  707.14,   453.86,   448.72
  707.91,   454.50,   573.72
  708.68,   455.15,   698.71
  448.83,   451.71,   209.85
  448.43,   453.72,   334.83
  448.03,   455.74,   459.81
  451.51,   576.66,   207.84
  451.12,   578.68,   332.82
  450.72,   580.69,   457.81
  454.20,   701.62,   205.84
  453.80,   703.63,   330.82
  453.41,   705.65,   455.80
  573.80,   449.03,   210.29
  573.40,   451.04,   335.27
  573.00,   453.05,   460.25
  576.48,   573.98,   208.28
  576.09,   576.00,   333.27
  575.69,   578.01,   458.25
  579.17,   698.94,   206.28
  578.77,   700.95,   331.26
  578.38,   702.96,   456.24
  698.77,   446.35,   210.73
  698.37,   448.36,   335.71
  697.97,   450.37,   460.69
  701.46,   571.30,   208.72
  701.06,   573.32,   333.71
  700.66,   575.33,   458.69
  704.14,   696.26,   206.72
  703.74,   698.27,   331.70
  703.35,   700.28,   456.69
  449.85,   448.13,   450.30
  450.45,   446.35,   575.28
  451.05,   444.57,   700.27
  452.59,   573.09,   452.06
  453.19,   571.31,   577.05
  453.79,   569.53,   702.03
  455.33,   698.05,   453.83
  455.93,   696.27,   578.81
  456.53,   694.49,   703.80
  574.81,   445.40,   449.66
  575.42,   443.62,   574.64
  576.02,   441.84,   699.63
  577.55,   570.36,   451.42
  578.16,   568.58,   576.41
  578.76,   566.80,   701.39
  580.29,   695.31,   453.19
  580.90,   693.54,   578.17
  581.50,   691.76,   703.16
  699.78,   442.67,   449.02
  700.38,   440.89,   574.00
  700.98,   439.11,   698.99
  702.52,   567.63,   450.78
  703.12,   565.85,   575.77
  703.73,   564.07,   700.75
  705.26,   692.58,   452.55
  705.86,   690.80,   577.53
  706.47,   689.03,   702.52
