27, 8, pa1-unknown-k-output1.txt
  201.91,   187.85,   197.06
  402.86,   384.26,   188.80
  211.28,   211.35,   209.31
  208.39,   210.01,   334.27
  205.51,   208.67,   459.23
  209.97,   336.33,   210.62
  207.09,   334.99,   335.58
  204.20,   333.65,   460.54
  208.67,   461.32,   211.93
  205.78,   459.98,   336.89
  202.90,   458.64,   461.85
  336.24,   212.62,   212.21
  333.35,   211.28,   337.17
  330.47,   209.94,   462.13
  334.93,   337.61,   213.52
  332.05,   336.27,   338.48
  329.16,   334.93,   463.44
  333.63,   462.59,   214.83
  330.74,   461.25,   339.79
  327.86,   459.92,   464.75
  461.20,   213.89,   215.11
  458.31,   212.56,   340.07
  455.43,   211.22,   465.03
  459.89,   338.88,   216.42
  457.01,   337.54,   341.38
  454.12,   336.20,   466.34
  458.59,   463.87,   217.73
  455.70,   462.53,   342.69
  452.82,   461.19,   467.65
  208.19,   209.63,   448.17
  204.58,   206.20,   573.07
  200.98,   202.77,   697.97
  208.67,   334.58,   451.61
  205.07,   331.15,   576.51
  201.46,   327.72,   701.41
  209.16,   459.53,   455.06
  205.55,   456.10,   579.96
  201.95,   452.68,   704.86
  333.14,   209.05,   451.76
  329.53,   205.62,   576.66
  325.93,   202.19,   701.56
  333.62,   334.00,   455.20
  330.02,   330.57,   580.10
  326.41,   327.14,   705.00
  334.10,   458.95,   458.65
  330.50,   455.52,   583.55
  326.89,   452.09,   708.45
  458.08,   208.46,   455.35
  454.48,   205.03,   580.25
  450.87,   201.61,   705.15
  458.57,   333.42,   458.79
  454.96,   329.99,   583.69
  451.36,   326.56,   708.59
  459.05,   458.37,   462.24
  455.45,   454.94,   587.14
  451.84,   451.51,   712.04
  208.32,   448.29,   208.96
  207.02,   448.61,   333.95
  205.73,   448.93,   458.94
  209.93,   573.28,   208.65
  208.63,   573.60,   333.65
  207.34,   573.92,   458.64
  211.54,   698.27,   208.35
  210.24,   698.59,   333.35
  208.95,   698.91,   458.34
  333.30,   446.69,   210.25
  332.01,   447.00,   335.25
  330.71,   447.32,   460.24
  334.91,   571.68,   209.95
  333.62,   571.99,   334.94
  332.32,   572.31,   459.94
  336.52,   696.66,   209.65
  335.23,   696.98,   334.64
  333.93,   697.30,   459.64
  458.28,   445.08,   211.55
  456.99,   445.40,   336.54
  455.70,   445.71,   461.54
  459.89,   570.07,   211.25
  458.60,   570.39,   336.24
  457.31,   570.70,   461.24
  461.50,   695.06,   210.95
  460.21,   695.38,   335.94
  458.92,   695.69,   460.93
  210.86,   448.42,   451.47
  212.22,   448.77,   576.46
  213.57,   449.13,   701.46
  210.88,   573.42,   451.11
  212.23,   573.77,   576.11
  213.58,   574.13,   701.10
  210.89,   698.42,   450.76
  212.24,   698.77,   575.75
  213.59,   699.13,   700.74
  335.86,   448.40,   450.12
  337.21,   448.76,   575.11
  338.56,   449.11,   700.10
  335.87,   573.40,   449.76
  337.22,   573.76,   574.75
  338.57,   574.11,   699.75
  335.88,   698.40,   449.40
  337.23,   698.76,   574.40
  338.59,   699.11,   699.39
  460.85,   448.38,   448.77
  462.20,   448.74,   573.76
  463.55,   449.10,   698.75
  460.86,   573.38,   448.41
  462.21,   573.74,   573.40
  463.57,   574.10,   698.39
  460.87,   698.38,   448.05
  462.23,   698.74,   573.04
  463.58,   699.09,   698.04
  449.77,   209.93,   209.50
  449.39,   213.17,   334.46
  449.01,   216.42,   459.41
  450.93,   334.88,   206.26
  450.55,   338.13,   331.22
  450.17,   341.37,   456.17
  452.09,   459.83,   203.02
  451.71,   463.08,   327.98
  451.33,   466.32,   452.93
  574.77,   208.78,   209.91
  574.39,   212.03,   334.87
  574.01,   215.27,   459.82
  575.93,   333.73,   206.67
  575.54,   336.98,   331.63
  575.16,   340.22,   456.58
  577.08,   458.69,   203.43
  576.70,   461.93,   328.39
  576.32,   465.18,   453.34
  699.76,   207.63,   210.32
  699.38,   210.88,   335.28
  699.00,   214.12,   460.24
  700.92,   332.59,   207.08
  700.54,   335.83,   332.04
  700.16,   339.08,   457.00
  702.08,   457.54,   203.84
  701.70,   460.78,   328.80
  701.32,   464.03,   453.75
  450.22,   209.25,   451.75
  453.59,   210.90,   576.69
  456.95,   212.55,   701.64
  452.12,   334.23,   450.05
  455.49,   335.88,   574.99
  458.85,   337.53,   699.94
  454.02,   459.20,   448.35
  457.39,   460.85,   573.30
  460.75,   462.50,   698.24
  575.16,   207.31,   448.41
  578.53,   208.96,   573.36
  581.89,   210.61,   698.30
  577.06,   332.28,   446.71
  580.43,   333.93,   571.66
  583.79,   335.58,   696.60
  578.96,   457.26,   445.01
  582.33,   458.91,   569.96
  585.69,   460.55,   694.90
  700.10,   205.36,   445.08
  703.47,   207.01,   570.02
  706.83,   208.66,   694.96
  702.00,   330.34,   443.38
  705.37,   331.99,   568.32
  708.73,   333.64,   693.26
  703.90,   455.31,   441.68
  707.27,   456.96,   566.62
  710.63,   458.61,   691.56
  450.08,   448.21,   210.25
  447.85,   444.57,   335.18
  445.62,   440.93,   460.10
  450.62,   573.16,   213.90
  448.39,   569.51,   338.83
  446.16,   565.87,   463.76
  451.16,   698.10,   217.55
  448.93,   694.46,   342.48
  446.70,   690.82,   467.41
  575.06,   447.60,   212.46
  572.83,   443.96,   337.39
  570.60,   440.32,   462.31
  575.60,   572.55,   216.11
  573.37,   568.91,   341.04
  571.14,   565.26,   465.97
  576.14,   697.49,   219.77
  573.91,   693.85,   344.69
  571.68,   690.21,   469.62
  700.03,   447.00,   214.67
  697.81,   443.35,   339.60
  695.58,   439.71,   464.53
  700.58,   571.94,   218.33
  698.35,   568.30,   343.25
  696.12,   564.66,   468.18
  701.12,   696.89,   221.98
  698.89,   693.24,   346.90
  696.66,   689.60,   471.83
  450.32,   449.84,   448.55
  447.57,   450.74,   573.52
  444.82,   451.64,   698.49
  448.32,   574.82,   447.61
  445.58,   575.72,   572.57
  442.83,   576.62,   697.54
  446.33,   699.80,   446.66
  443.58,   700.70,   571.63
  440.83,   701.60,   696.59
  575.27,   451.85,   451.29
  572.52,   452.75,   576.25
  569.78,   453.66,   701.22
  573.28,   576.83,   450.34
  570.53,   577.73,   575.31
  567.78,   578.64,   700.27
  571.28,   701.81,   449.39
  568.54,   702.71,   574.36
  565.79,   703.62,   699.32
  700.22,   453.86,   454.02
  697.48,   454.77,   578.99
  694.73,   455.67,   703.95
  698.23,   578.84,   453.07
  695.48,   579.75,   578.04
  692.74,   580.65,   703.00
  696.24,   703.83,   452.12
  693.49,   704.73,   577.09
  690.74,   705.63,   702.06
