200 PA4-H-Unknown-Output.txt
   33.87    17.01     4.51        33.87    17.01     4.51     0.002
   14.09    25.99    -6.85        14.08    25.99    -6.86     0.004
   13.14   -16.09   -11.80        13.14   -16.09   -11.80     0.004
   29.67    -4.44    13.52        29.67    -4.44    13.52     0.001
   35.45     3.87   -19.50        35.45     3.88   -19.50     0.002
   17.94    25.35   -16.78        17.93    25.34   -16.79     0.006
    4.53     4.99    63.39         4.53     4.99    63.40     0.005
   -4.97    -2.63    44.35        -4.97    -2.64    44.34     0.005
   23.00     7.44    47.34        22.99     7.44    47.34     0.008
  -13.13     5.52    -7.46       -13.13     5.53    -7.46     0.006
  -11.38    15.70    36.57       -11.39    15.70    36.57     0.006
   37.33    12.73     4.15        37.33    12.73     4.15     0.002
   29.40    -8.14     4.47        29.40    -8.15     4.47     0.004
    8.49    20.50    56.86         8.49    20.51    56.86     0.007
  -43.54    -4.85   -27.79       -43.55    -4.85   -27.79     0.006
  -10.90     7.26    22.86       -10.91     7.26    22.86     0.010
   35.73    -0.59    10.99        35.74    -0.60    11.00     0.010
   -4.77    17.46    44.24        -4.77    17.45    44.23     0.009
   31.26    19.33     6.45        31.27    19.34     6.45     0.013
  -36.94    -2.50   -40.90       -36.95    -2.50   -40.90     0.001
   -1.27    23.51    29.89        -1.27    23.51    29.89     0.009
  -15.09    11.34   -26.84       -15.09    11.35   -26.84     0.005
   15.62     1.80   -21.56        15.62     1.79   -21.55     0.008
  -30.15   -10.71   -47.34       -30.15   -10.71   -47.34     0.002
   -6.34   -24.79   -17.29        -6.34   -24.79   -17.29     0.003
    8.69    21.51    38.87         8.69    21.51    38.86     0.002
  -25.48     7.99   -38.08       -25.48     7.99   -38.08     0.010
  -32.09   -18.35   -44.61       -32.09   -18.35   -44.60     0.007
   33.75    -6.43   -16.45        33.76    -6.44   -16.45     0.007
    6.70    -7.86   -23.41         6.70    -7.86   -23.40     0.002
  -22.74   -11.29    -4.83       -22.74   -11.29    -4.84     0.001
   29.29    19.81    10.57        29.30    19.82    10.58     0.011
  -10.43    15.57    14.91       -10.43    15.57    14.90     0.001
  -15.83    15.28    20.54       -15.83    15.28    20.54     0.002
    0.02    17.17    58.76         0.02    17.18    58.76     0.010
  -15.02    12.54    28.19       -15.02    12.54    28.19     0.005
    8.77    -5.95   -22.18         8.77    -5.95   -22.18     0.003
   11.23   -13.52     3.59        11.23   -13.53     3.60     0.012
   18.55   -14.63    -2.45        18.55   -14.63    -2.44     0.007
  -30.53     6.40   -37.68       -30.53     6.40   -37.68     0.002
   27.26    14.36    20.50        27.26    14.36    20.50     0.003
   18.50    22.95    19.53        18.50    22.96    19.53     0.011
   -5.65    -1.37    42.13        -5.66    -1.38    42.13     0.010
  -10.47   -29.93   -25.26       -10.47   -29.92   -25.26     0.007
   33.78    10.90    11.89        33.79    10.91    11.89     0.003
   13.30    19.67   -30.23        13.30    19.67   -30.22     0.006
   17.88    -5.54    29.83        17.88    -5.54    29.83     0.005
  -18.95     7.47   -39.56       -18.95     7.47   -39.56     0.003
   -6.09    10.44     1.88        -6.09    10.44     1.88     0.005
  -10.73    -7.36     7.14       -10.73    -7.36     7.14     0.002
  -28.75    10.23   -29.47       -28.75    10.23   -29.47     0.001
   -0.59   -16.58   -34.61        -0.59   -16.58   -34.61     0.002
   -0.53   -19.91   -15.32        -0.53   -19.91   -15.32     0.001
   29.20    20.01   -20.38        29.20    20.00   -20.38     0.003
    8.73     1.64   -20.08         8.73     1.64   -20.08     0.003
   23.87    -3.20   -26.67        23.87    -3.20   -26.66     0.007
   -9.56   -11.17     2.48        -9.56   -11.18     2.48     0.001
  -11.59    -2.63   -45.52       -11.59    -2.63   -45.52     0.002
    8.13   -13.90   -18.94         8.13   -13.90   -18.94     0.001
   15.37    21.34    42.31        15.37    21.34    42.31     0.003
   16.66    26.94    -4.13        16.66    26.94    -4.13     0.004
  -12.43    -1.65   -45.57       -12.43    -1.65   -45.57     0.001
  -26.16   -16.73   -47.50       -26.16   -16.73   -47.50     0.001
   -5.29    18.36    41.38        -5.29    18.37    41.38     0.002
   16.21    11.53   -27.80        16.21    11.54   -27.80     0.013
  -18.20   -22.61   -45.33       -18.21   -22.61   -45.33     0.008
   -1.50     2.46   -24.72        -1.50     2.46   -24.72     0.001
   -8.53     1.65   -40.10        -8.53     1.65   -40.10     0.003
  -12.64   -26.37   -13.62       -12.63   -26.38   -13.62     0.005
    5.39    19.89    50.58         5.38    19.91    50.58     0.017
   38.27    -0.14    -0.64        38.27    -0.14    -0.64     0.003
   36.56    13.32    -7.79        36.57    13.32    -7.79     0.004
  -14.40   -18.40   -46.45       -14.40   -18.40   -46.44     0.008
   11.08    20.90    53.86        11.08    20.90    53.86     0.005
    2.89     3.84    63.53         2.89     3.84    63.54     0.007
   23.00    24.92    -8.21        23.00    24.93    -8.21     0.007
   38.74     0.82     3.08        38.74     0.82     3.07     0.002
   -6.93     4.82    52.14        -6.94     4.82    52.14     0.008
    6.00   -14.47   -20.71         6.00   -14.47   -20.71     0.003
   31.26    13.10   -24.28        31.26    13.10   -24.28     0.006
   27.87    15.96   -25.64        27.87    15.96   -25.64     0.002
  -10.80    19.27    16.31       -10.80    19.27    16.31     0.005
  -10.58   -30.12   -26.38       -10.58   -30.13   -26.38     0.002
   28.64    20.20   -20.92        28.63    20.20   -20.92     0.003
   32.75    10.96   -23.68        32.75    10.96   -23.68     0.003
   20.10     3.99   -26.25        20.10     3.99   -26.25     0.001
   -2.26   -20.06   -13.04        -2.26   -20.06   -13.04     0.005
   31.92     2.21   -25.74        31.92     2.21   -25.74     0.003
    8.42    -7.07    53.01         8.43    -7.07    53.01     0.009
    4.86    24.52    11.99         4.87    24.51    11.99     0.009
   22.53     8.10    50.32        22.54     8.10    50.32     0.004
   -7.82   -10.52     4.82        -7.82   -10.52     4.82     0.002
   26.36    23.36   -11.25        26.36    23.36   -11.25     0.002
   -2.88    23.89    29.46        -2.88    23.89    29.46     0.004
   21.00    25.83     2.28        21.00    25.83     2.27     0.003
  -15.30    -1.40     4.19       -15.29    -1.40     4.19     0.003
  -33.04   -12.00    -7.30       -33.04   -12.00    -7.30     0.002
  -25.82   -22.72   -44.60       -25.82   -22.71   -44.59     0.005
   -0.15    -7.14   -29.18        -0.15    -7.14   -29.18     0.002
  -10.57     0.73    16.96       -10.57     0.72    16.96     0.007
   29.13    -1.44    18.28        29.14    -1.44    18.27     0.002
  -22.24     8.05   -38.89       -22.24     8.06   -38.90     0.011
   35.61    14.12     7.28        35.61    14.12     7.28     0.004
   -5.71   -21.64   -38.60        -5.72   -21.64   -38.60     0.005
   -1.63    21.49    37.00        -1.63    21.50    37.00     0.007
   10.55    21.33   -10.87        10.55    21.33   -10.87     0.005
   20.86   -11.76   -21.27        20.86   -11.75   -21.27     0.007
   12.12    25.77    11.71        12.11    25.78    11.71     0.008
   15.55   -13.12     2.58        15.55   -13.13     2.58     0.007
   -6.28   -19.56    -9.80        -6.28   -19.56    -9.81     0.004
  -32.44     5.09   -38.07       -32.43     5.09   -38.06     0.003
   -1.51   -20.33   -33.72        -1.51   -20.33   -33.73     0.001
   36.91    12.61    -7.95        36.91    12.61    -7.96     0.004
  -38.94    -0.83   -36.80       -38.94    -0.83   -36.80     0.003
   21.50    15.78    40.00        21.50    15.78    40.00     0.007
  -28.49   -28.43   -15.03       -28.49   -28.42   -15.03     0.006
   31.23     0.62   -26.68        31.23     0.62   -26.68     0.005
  -40.65     0.06   -21.14       -40.65     0.06   -21.14     0.006
   23.18   -12.25    -2.57        23.18   -12.26    -2.57     0.004
  -30.76   -30.49   -27.45       -30.76   -30.48   -27.45     0.008
   20.09    13.94    57.44        20.09    13.94    57.44     0.003
   29.76    -9.48    -2.62        29.76    -9.48    -2.62     0.005
    6.60     2.50   -19.97         6.59     2.50   -19.97     0.001
   -4.95    -4.57   -40.62        -4.94    -4.57   -40.63     0.004
   22.25     7.60    52.54        22.25     7.60    52.54     0.003
   23.59   -13.84    -5.50        23.59   -13.85    -5.50     0.002
   -0.97   -10.69   -34.75        -0.96   -10.69   -34.76     0.004
  -32.43   -26.42   -15.66       -32.43   -26.42   -15.66     0.001
   22.47     7.97    50.95        22.46     7.97    50.95     0.008
   -9.09   -10.28     4.14        -9.09   -10.29     4.15     0.009
   18.59    -6.86    16.81        18.59    -6.85    16.81     0.006
   29.55    -8.63   -21.92        29.55    -8.63   -21.93     0.004
   31.81    14.24    12.55        31.82    14.24    12.55     0.010
    7.52    -7.29    59.42         7.52    -7.28    59.41     0.011
   33.56    -4.19    10.49        33.57    -4.19    10.49     0.005
   -9.26   -22.49   -41.79        -9.27   -22.49   -41.79     0.007
  -25.27   -15.25    -6.37       -25.27   -15.25    -6.37     0.002
   21.31   -16.71   -11.25        21.31   -16.72   -11.25     0.010
  -42.38   -17.47   -25.09       -42.38   -17.46   -25.10     0.007
   28.36     3.21   -29.83        28.35     3.21   -29.83     0.003
   -5.54   -24.60   -34.36        -5.54   -24.61   -34.36     0.004
   -6.86     8.86    44.98        -6.86     8.86    44.98     0.004
   -9.75     2.05    21.01        -9.76     2.05    21.01     0.004
   -0.87    19.91    41.59        -0.87    19.91    41.59     0.002
   11.01    -6.56    59.61        11.02    -6.57    59.60     0.005
   -8.91   -20.59    -9.46        -8.91   -20.59    -9.46     0.002
   11.77    -8.23    16.06        11.78    -8.24    16.06     0.010
  -28.10   -18.12   -46.66       -28.09   -18.12   -46.66     0.006
  -20.25   -13.70   -48.33       -20.24   -13.70   -48.33     0.004
  -24.38   -21.41   -45.70       -24.38   -21.41   -45.69     0.005
   17.66    -2.26    59.95        17.66    -2.26    59.95     0.003
  -33.21   -28.52   -30.57       -33.21   -28.52   -30.57     0.001
   12.54    22.52    31.33        12.54    22.51    31.33     0.006
   22.11    24.59     7.09        22.11    24.59     7.09     0.002
  -39.97   -11.82   -35.92       -39.97   -11.82   -35.92     0.001
   10.91     9.58   -13.13        10.91     9.57   -13.12     0.008
   -5.52    -1.29    48.78        -5.51    -1.29    48.78     0.004
   15.61   -17.52    -9.16        15.61   -17.52    -9.16     0.001
  -10.40   -24.45   -40.80       -10.40   -24.45   -40.80     0.003
  -26.62    11.55   -25.31       -26.62    11.54   -25.31     0.003
   33.15     7.91   -24.19        33.15     7.91   -24.20     0.003
  -10.06     7.10    26.17       -10.06     7.09    26.17     0.009
   23.20     9.35    45.87        23.20     9.35    45.87     0.006
    4.13    -1.27    63.32         4.14    -1.27    63.33     0.009
   -5.75    22.02    16.19        -5.75    22.02    16.19     0.004
  -13.67   -27.19   -39.67       -13.67   -27.19   -39.67     0.005
   11.12    21.36    45.98        11.12    21.36    45.98     0.003
   11.51    25.03    -6.66        11.51    25.03    -6.65     0.004
   -1.04     7.97    63.37        -1.04     7.97    63.38     0.006
   30.56    20.59     1.17        30.56    20.59     1.17     0.002
    1.55    19.20    47.50         1.55    19.21    47.50     0.003
  -36.70   -13.60   -43.46       -36.70   -13.60   -43.45     0.006
   -7.54    -7.63    13.83        -7.54    -7.63    13.83     0.009
   -2.71    -5.11    45.94        -2.71    -5.12    45.94     0.011
  -16.64    10.23   -35.75       -16.65    10.23   -35.75     0.003
   29.47     0.19    18.77        29.47     0.19    18.77     0.002
   -2.72    -4.84    51.18        -2.71    -4.84    51.18     0.004
   -4.85    -2.30    54.12        -4.86    -2.30    54.12     0.007
  -24.26   -31.74   -19.79       -24.26   -31.74   -19.79     0.003
  -28.99     7.13   -37.63       -28.99     7.12   -37.63     0.004
   -2.79    -5.83    36.73        -2.80    -5.85    36.73     0.013
    7.11    20.02    -5.66         7.11    20.02    -5.66     0.003
    6.41    23.17    26.33         6.41    23.17    26.33     0.005
    7.45    -7.17    54.72         7.45    -7.18    54.72     0.014
  -11.53     5.91    16.65       -11.53     5.91    16.65     0.001
  -31.87    -4.75    -9.36       -31.87    -4.75    -9.36     0.001
   12.00    24.79    15.56        12.00    24.80    15.56     0.006
   15.35    -5.37    44.53        15.35    -5.37    44.53     0.004
  -28.51   -30.25   -33.91       -28.51   -30.25   -33.91     0.000
  -21.73   -12.62   -49.11       -21.73   -12.62   -49.11     0.001
   39.15     2.05     6.23        39.15     2.06     6.23     0.002
   10.96    -3.59    63.33        10.96    -3.59    63.33     0.007
  -18.90    -2.14    -3.02       -18.90    -2.14    -3.02     0.002
   -9.65    15.60    38.09        -9.66    15.60    38.09     0.008
   -5.33     0.95   -33.62        -5.32     0.95   -33.62     0.005
   24.37    16.85    25.30        24.37    16.85    25.30     0.002
  -11.95   -14.16    -2.90       -11.96   -14.17    -2.90     0.007
    3.08    21.77    34.36         3.08    21.76    34.36     0.007
  -10.64   -11.45   -46.96       -10.65   -11.45   -46.96     0.001
   19.16    -1.48    52.71        19.16    -1.47    52.71     0.006
