200 PA4-B-Debug-Output.txt
   -7.21    19.78    14.29        -7.20    19.77    14.30     0.007
   -5.70    -3.94    32.97        -5.70    -3.93    32.97     0.001
   -1.24    -5.99    43.39        -1.24    -6.00    43.39     0.002
  -26.48     3.65   -13.68       -26.48     3.65   -13.68     0.002
  -32.66     1.62   -13.12       -32.66     1.63   -13.12     0.002
   19.56     5.13    62.48        19.56     5.13    62.48     0.003
    0.19    -9.44    20.99         0.19    -9.44    20.99     0.003
   10.16    25.18    13.65        10.16    25.18    13.65     0.001
   36.48     4.30   -16.28        36.48     4.30   -16.28     0.005
   -0.62   -20.41   -18.48        -0.62   -20.42   -18.48     0.005
   39.95     7.04    -4.16        39.96     7.04    -4.16     0.004
    7.75    -3.73   -22.58         7.75    -3.73   -22.58     0.004
   11.29   -13.09     4.60        11.29   -13.09     4.60     0.002
   31.49    15.02    12.54        31.49    15.02    12.54     0.002
    0.57     8.91    63.38         0.57     8.91    63.39     0.001
    7.47    24.12     0.97         7.47    24.12     0.97     0.002
   -0.70    -1.60   -26.75        -0.70    -1.61   -26.74     0.002
  -17.36   -14.26    -4.80       -17.36   -14.26    -4.80     0.003
   32.35     7.30   -25.72        32.35     7.30   -25.72     0.003
   -7.45    -8.10    11.82        -7.45    -8.10    11.82     0.004
  -11.56     6.14     4.03       -11.56     6.14     4.03     0.006
  -36.37   -26.32   -28.22       -36.37   -26.32   -28.22     0.004
  -21.23   -32.71   -26.29       -21.24   -32.71   -26.29     0.002
  -12.10   -25.25   -41.07       -12.10   -25.25   -41.07     0.003
   31.02    -7.42   -22.14        31.01    -7.42   -22.14     0.006
  -35.78    -3.73   -11.30       -35.78    -3.73   -11.30     0.003
  -25.41   -11.83   -48.46       -25.41   -11.83   -48.46     0.004
   -7.13     6.01    49.50        -7.13     6.01    49.50     0.002
  -22.99     6.22   -41.18       -22.99     6.21   -41.18     0.008
  -12.05    10.89    16.34       -12.05    10.89    16.34     0.002
  -21.53     5.00   -42.29       -21.53     5.00   -42.28     0.001
   -5.01    -2.31    60.57        -5.01    -2.31    60.57     0.005
    0.77   -16.57   -27.97         0.78   -16.57   -27.98     0.007
   21.32    15.59    41.83        21.33    15.59    41.83     0.003
   -3.24   -15.49    -3.92        -3.24   -15.50    -3.92     0.005
    8.40   -13.28     3.81         8.40   -13.28     3.81     0.005
   -1.10   -20.05   -33.09        -1.10   -20.05   -33.09     0.008
    4.61   -12.25     8.10         4.61   -12.25     8.10     0.002
   23.30   -14.03    -5.44        23.30   -14.02    -5.44     0.003
  -38.49    -9.63   -11.45       -38.49    -9.63   -11.45     0.005
  -28.58     9.05   -33.53       -28.58     9.04   -33.53     0.007
  -39.75   -10.71   -38.62       -39.75   -10.71   -38.62     0.004
  -15.23     5.33   -10.67       -15.23     5.32   -10.68     0.002
  -16.18    18.11    27.72       -16.17    18.11    27.72     0.002
  -33.39   -27.87   -19.85       -33.39   -27.87   -19.85     0.003
  -12.40   -25.24   -41.26       -12.40   -25.24   -41.27     0.002
   23.49    12.46   -30.74        23.49    12.46   -30.74     0.002
   25.85     1.91   -29.73        25.85     1.91   -29.73     0.006
  -24.11   -25.79   -41.89       -24.11   -25.79   -41.90     0.006
   20.09    25.53   -15.40        20.09    25.53   -15.40     0.009
   -3.94    -2.15   -35.76        -3.93    -2.15   -35.76     0.006
   30.48    16.53    12.45        30.48    16.54    12.45     0.003
    3.23     8.15    63.41         3.23     8.15    63.42     0.004
  -20.88     7.41   -39.55       -20.88     7.41   -39.54     0.006
   35.71    14.47    -4.04        35.71    14.47    -4.04     0.002
   11.57    18.21    62.77        11.57    18.21    62.77     0.005
  -28.26   -31.67   -24.72       -28.26   -31.67   -24.73     0.002
  -25.40   -31.96   -31.49       -25.40   -31.96   -31.49     0.002
   -4.84    -2.55    49.31        -4.84    -2.55    49.31     0.002
  -34.91   -26.75   -33.10       -34.90   -26.75   -33.10     0.005
  -33.72   -26.11   -16.53       -33.73   -26.11   -16.54     0.002
   13.23    -7.02    21.99        13.23    -7.02    21.99     0.002
   -3.40    20.99    37.96        -3.40    20.99    37.96     0.004
   13.87    -7.94    15.64        13.87    -7.93    15.64     0.004
  -10.57   -23.66   -11.90       -10.56   -23.66   -11.90     0.006
  -34.66   -20.99   -40.96       -34.66   -20.98   -40.96     0.003
  -19.05   -23.54    -9.04       -19.05   -23.54    -9.04     0.007
   18.09     0.33    62.41        18.09     0.33    62.41     0.001
  -37.14   -24.70   -20.01       -37.14   -24.70   -20.02     0.002
   -6.47   -18.81    -8.87        -6.46   -18.82    -8.87     0.008
  -30.76     6.59   -37.03       -30.75     6.59   -37.03     0.007
    3.15    18.45    60.49         3.15    18.44    60.49     0.004
  -24.70    -1.49   -47.17       -24.70    -1.49   -47.17     0.006
  -39.49    -8.27   -39.94       -39.48    -8.27   -39.94     0.007
    4.27    19.98     0.45         4.27    19.98     0.45     0.004
  -18.30    11.56   -32.00       -18.30    11.56   -32.00     0.001
  -14.63    13.20    30.96       -14.63    13.20    30.96     0.004
  -30.20     6.92   -15.61       -30.20     6.91   -15.62     0.004
   -0.17   -15.78    -5.14        -0.17   -15.78    -5.14     0.002
   -8.66   -26.26   -16.59        -8.66   -26.26   -16.59     0.006
  -32.04   -22.76   -10.86       -32.04   -22.76   -10.86     0.003
    0.95    -9.36   -28.33         0.95    -9.36   -28.33     0.002
  -15.31    11.15   -29.74       -15.32    11.14   -29.74     0.006
   -6.59    -4.73   -42.59        -6.60    -4.74   -42.59     0.005
   10.87    19.72    61.11        10.87    19.73    61.11     0.006
  -34.72    -3.34   -10.91       -34.72    -3.34   -10.91     0.002
   -6.98     4.88    55.78        -6.97     4.88    55.78     0.002
   28.93    -7.86     6.37        28.92    -7.85     6.36     0.013
   25.76    -7.24   -24.88        25.76    -7.24   -24.87     0.003
  -34.30     5.38   -17.21       -34.30     5.38   -17.21     0.003
   26.49    -2.64   -27.45        26.49    -2.64   -27.44     0.008
    2.86    22.09     7.25         2.86    22.09     7.25     0.003
    0.93    22.05    10.86         0.92    22.05    10.86     0.007
   21.99     7.86    54.26        21.99     7.86    54.26     0.001
   -6.29   -18.49   -41.83        -6.29   -18.49   -41.83     0.003
   15.46    -4.88    51.82        15.46    -4.88    51.82     0.001
  -42.91    -7.71   -19.33       -42.91    -7.71   -19.34     0.005
    8.74    22.41    -6.04         8.74    22.41    -6.04     0.002
    1.98     2.99   -21.80         1.98     2.99   -21.80     0.003
   -8.61   -16.10    -4.99        -8.61   -16.10    -4.99     0.002
   21.30    18.28    33.08        21.30    18.28    33.08     0.002
  -12.69    23.56    23.08       -12.69    23.56    23.08     0.003
  -13.45     6.52   -11.59       -13.45     6.52   -11.59     0.003
  -11.06     8.55    24.63       -11.06     8.55    24.63     0.004
    7.42    -7.26    62.62         7.42    -7.27    62.62     0.008
   -3.01   -10.70     9.89        -3.01   -10.71     9.89     0.004
  -43.16   -13.36   -26.79       -43.16   -13.36   -26.78     0.008
   13.39     2.76   -19.53        13.38     2.76   -19.53     0.001
   35.15    -2.35   -19.24        35.15    -2.35   -19.24     0.003
  -31.54   -25.09   -39.99       -31.54   -25.09   -39.99     0.004
   -8.65     8.16   -13.94        -8.65     8.16   -13.94     0.001
   -2.91    -4.81   -36.99        -2.91    -4.81   -36.99     0.001
    3.16    -7.75    27.81         3.16    -7.75    27.81     0.002
  -21.17   -27.70   -40.61       -21.17   -27.70   -40.61     0.002
    0.42    16.58     3.28         0.42    16.58     3.28     0.001
   16.25    21.81    35.90        16.25    21.81    35.90     0.002
   29.26    10.52    19.63        29.26    10.52    19.63     0.005
   15.16     0.27   -21.47        15.16     0.27   -21.47     0.004
   -4.72    12.78    59.51        -4.72    12.78    59.51     0.002
    6.73    20.10    -4.94         6.73    20.10    -4.95     0.003
   28.90    -5.24   -25.78        28.90    -5.24   -25.77     0.008
  -30.08     7.14   -36.63       -30.08     7.14   -36.63     0.003
  -15.14   -14.46   -48.18       -15.14   -14.46   -48.18     0.003
  -33.82   -28.01   -31.61       -33.82   -28.01   -31.61     0.004
   30.88    -8.32    -7.09        30.87    -8.32    -7.09     0.005
  -10.84     7.03   -10.13       -10.84     7.04   -10.13     0.001
  -11.18    -8.42   -47.18       -11.18    -8.42   -47.19     0.001
    7.70    -6.97   -22.71         7.70    -6.97   -22.71     0.003
   -0.88   -12.10     4.68        -0.89   -12.10     4.68     0.002
    5.28   -10.37   -23.82         5.28   -10.37   -23.82     0.001
  -30.49   -30.42   -23.27       -30.49   -30.42   -23.27     0.003
   -3.61   -21.30   -35.95        -3.61   -21.30   -35.95     0.005
   27.78     8.28    24.77        27.79     8.28    24.77     0.003
   23.42     3.91   -29.70        23.42     3.91   -29.70     0.006
   18.17     9.16    63.09        18.17     9.16    63.10     0.004
    2.47    18.24    59.48         2.47    18.23    59.48     0.006
  -43.84   -10.56   -23.63       -43.84   -10.56   -23.64     0.004
   15.73    21.22    41.38        15.73    21.22    41.38     0.002
    1.79    -7.19    34.11         1.79    -7.18    34.11     0.004
  -10.32    17.89    37.68       -10.32    17.89    37.68     0.004
   28.15     1.11   -29.53        28.15     1.11   -29.53     0.005
  -24.91   -32.34   -30.48       -24.91   -32.34   -30.48     0.005
   21.57     1.62    49.81        21.57     1.62    49.81     0.002
  -28.31   -18.36   -46.52       -28.31   -18.36   -46.52     0.004
  -29.73   -12.73    -6.12       -29.73   -12.73    -6.12     0.002
  -29.67   -22.28   -43.93       -29.67   -22.27   -43.93     0.002
   29.82    -8.99     0.49        29.81    -8.98     0.49     0.008
   27.99    -0.18    21.43        27.99    -0.19    21.43     0.002
   31.22     0.70    16.51        31.22     0.70    16.51     0.002
  -29.56   -17.23    -7.49       -29.56   -17.23    -7.49     0.003
   -0.56    23.90    20.05        -0.56    23.90    20.05     0.005
   26.66    21.20    11.65        26.66    21.21    11.65     0.006
   23.48    -2.86    27.41        23.48    -2.86    27.41     0.002
    5.80    -6.14    63.14         5.80    -6.14    63.14     0.004
  -26.85   -31.65   -31.73       -26.85   -31.65   -31.74     0.002
  -38.42    -7.46   -11.60       -38.42    -7.46   -11.60     0.005
  -14.56   -30.51   -34.21       -14.56   -30.51   -34.21     0.002
    7.13     5.48   -17.11         7.13     5.48   -17.12     0.003
   -8.82    23.63    19.67        -8.82    23.63    19.68     0.005
    8.47   -16.10    -6.76         8.47   -16.09    -6.76     0.007
    4.27   -17.33   -16.78         4.27   -17.33   -16.79     0.006
   28.14     0.58   -29.28        28.14     0.58   -29.27     0.005
   30.16    17.53   -21.63        30.17    17.53   -21.64     0.004
   36.87    13.10    -0.33        36.88    13.11    -0.33     0.008
    8.67    25.97     4.62         8.67    25.98     4.62     0.007
   -7.97    15.43    12.85        -7.97    15.43    12.85     0.003
  -34.35    -2.83   -10.42       -34.35    -2.83   -10.42     0.002
   18.19    -4.07    43.47        18.19    -4.06    43.47     0.002
   -9.13   -10.68     3.30        -9.13   -10.68     3.30     0.003
  -26.91   -31.32   -32.92       -26.91   -31.32   -32.92     0.004
  -38.70     2.07   -32.83       -38.69     2.06   -32.83     0.007
   24.38    -0.53    31.03        24.38    -0.53    31.03     0.003
   12.35    17.56   -28.86        12.35    17.56   -28.86     0.002
   12.38    -6.25    42.96        12.38    -6.25    42.96     0.002
    0.02   -12.27   -32.05         0.02   -12.27   -32.05     0.004
   23.15    13.01   -30.34        23.15    13.01   -30.34     0.002
   22.62    24.32     7.38        22.62    24.32     7.38     0.002
   12.33    20.59   -24.65        12.32    20.59   -24.66     0.004
   19.29    -5.73    24.72        19.29    -5.73    24.72     0.001
   21.99     2.17    48.44        21.99     2.17    48.44     0.003
   19.12    12.05    62.76        19.12    12.05    62.76     0.005
    0.87    22.09    11.27         0.87    22.09    11.27     0.001
   -1.86   -14.76   -37.63        -1.86   -14.76   -37.64     0.003
   19.32    21.58    26.46        19.32    21.58    26.46     0.003
  -23.05     5.79   -14.56       -23.05     5.79   -14.56     0.001
  -13.83   -18.74   -45.99       -13.83   -18.74   -45.99     0.002
  -39.78    -9.35   -39.15       -39.77    -9.35   -39.15     0.004
    2.69    -8.86    22.54         2.69    -8.86    22.54     0.002
    0.75     7.77    63.43         0.75     7.77    63.44     0.003
   34.58    -5.75   -12.56        34.58    -5.75   -12.56     0.002
   28.92    10.49    20.40        28.93    10.49    20.41     0.006
   28.84    -7.37     7.69        28.84    -7.37     7.69     0.005
    2.82   -12.36   -25.71         2.82   -12.36   -25.71     0.002
  -20.16   -32.09   -33.28       -20.16   -32.09   -33.28     0.004
  -11.90     9.35   -18.96       -11.90     9.35   -18.96     0.003
  -35.45     0.59   -13.29       -35.45     0.59   -13.29     0.002
  -35.67   -26.76   -22.49       -35.68   -26.76   -22.49     0.003
   25.94    -2.05   -27.68        25.94    -2.05   -27.68     0.002
  -31.98     9.07   -26.26       -31.98     9.07   -26.26     0.004
   -5.49    -9.25    13.15        -5.49    -9.25    13.14     0.004
