200 PA4-E-Debug-Output.txt
  -32.65     5.13   -37.82       -32.64     5.13   -37.82     0.004
   -4.61    -7.31   -41.31        -4.56    -7.30   -41.35     0.065
   -3.11    -4.65    45.32        -3.23    -4.78    45.34     0.177
   -1.79    -5.33    58.23        -1.88    -5.55    58.25     0.237
    2.70    -1.68   -23.99         2.70    -1.68   -24.00     0.010
    1.24   -18.93   -18.76         1.20   -18.88   -18.75     0.071
   28.55    21.90   -11.09        28.59    21.96   -11.09     0.068
  -39.04    -8.33   -12.26       -39.08    -8.32   -12.24     0.048
   22.82     7.23    48.04        22.90     7.23    48.05     0.084
  -34.46   -13.07   -45.68       -34.48   -13.08   -45.71     0.039
   25.76     2.10    29.85        25.90     2.02    29.88     0.168
   -4.11    14.20     6.78        -4.15    14.23     6.77     0.047
   19.54    -3.92   -23.71        19.56    -3.92   -23.67     0.042
   -1.59    -0.82   -27.18        -1.61    -0.83   -27.15     0.039
  -35.33     6.72   -24.91       -35.35     6.75   -24.91     0.029
   -9.15    11.14    36.70        -9.06    11.19    36.67     0.107
   24.96    22.77    10.50        24.92    22.68    10.48     0.100
   -4.92    12.26    60.81        -4.91    12.25    60.81     0.010
   31.12     7.98    17.18        31.14     7.98    17.19     0.026
   25.96    -3.58    19.39        26.04    -3.73    19.44     0.173
   25.45    -2.27    23.41        25.61    -2.44    23.49     0.242
  -23.84   -13.32    -5.96       -23.86   -13.33    -5.91     0.056
  -34.09   -19.80   -10.50       -34.10   -19.81   -10.48     0.024
    0.57    -2.65    63.47         0.56    -2.65    63.39     0.079
   15.50     9.10   -18.50        15.45     9.12   -18.54     0.062
    3.52    24.12    14.01         3.53    24.12    14.01     0.005
  -18.01    -1.04   -46.89       -18.01    -1.02   -46.93     0.044
  -34.77   -26.68   -33.84       -34.71   -26.61   -33.80     0.100
   -7.13     0.44    32.36        -7.11     0.45    32.36     0.019
   17.75    22.76    23.70        17.74    22.72    23.70     0.036
   14.65   -10.86   -19.82        14.64   -10.80   -19.76     0.074
  -32.41   -27.97   -34.55       -32.41   -27.96   -34.55     0.008
   -3.60    -9.17    20.38        -3.57    -9.08    20.36     0.099
   -3.92   -10.86   -40.92        -3.87   -10.87   -40.96     0.059
   37.53    10.77    -7.41        37.64    10.83    -7.44     0.126
    0.15     5.30   -20.97         0.15     5.29   -20.97     0.004
   35.71     7.66   -18.95        35.60     7.64   -18.91     0.122
  -29.32    -9.17   -47.71       -29.32    -9.17   -47.74     0.028
   -6.92    10.59     4.30        -6.96    10.64     4.28     0.062
  -29.41   -30.01   -19.24       -29.39   -29.96   -19.27     0.062
   -6.60     2.91    59.96        -6.51     2.92    59.94     0.094
   14.30    23.78    19.36        14.33    23.93    19.38     0.159
  -21.22    11.70   -32.13       -21.21    11.65   -32.12     0.051
   19.87    12.57    62.07        19.87    12.57    62.07     0.004
   12.20    20.54    57.96        12.20    20.52    57.95     0.022
  -14.40   -12.54   -48.45       -14.43   -12.53   -48.41     0.045
    9.70    24.71    16.26         9.71    24.75    16.27     0.043
   11.05    22.37    30.51        11.05    22.53    30.52     0.158
    7.95    -5.46    63.45         7.95    -5.46    63.42     0.035
   29.40    16.40    13.85        29.52    16.49    13.94     0.175
  -17.56   -30.66   -35.51       -17.56   -30.67   -35.51     0.012
   28.32    21.88     6.21        28.36    21.95     6.23     0.079
   21.57    -0.54    44.68        21.44    -0.47    44.66     0.150
  -13.72    21.14    20.29       -13.68    21.12    20.31     0.053
   -6.03    14.11     9.36        -6.13    14.18     9.30     0.138
   26.34     7.57    30.60        26.21     7.56    30.56     0.141
   38.87     6.73     7.02        38.88     6.73     7.02     0.008
  -22.02    -2.00   -47.32       -22.01    -2.01   -47.39     0.069
   -8.21   -28.22   -21.67        -8.28   -28.10   -21.70     0.148
   15.05    22.98    24.75        15.07    23.10    24.75     0.129
  -11.49   -21.08    -9.60       -11.49   -21.04    -9.65     0.054
   16.20   -15.22   -15.56        16.21   -15.18   -15.53     0.053
   14.83     5.00    63.10        14.83     5.00    63.11     0.005
   27.44     7.36   -30.16        27.44     7.36   -30.16     0.003
    2.26    19.90    42.80         2.27    20.14    42.89     0.254
    0.29    -9.39    21.19         0.29    -9.41    21.19     0.016
  -15.08   -25.01   -11.09       -15.09   -25.00   -11.10     0.010
  -31.17     5.03   -39.41       -31.12     4.98   -39.35     0.099
  -19.39   -18.90    -6.55       -19.39   -18.90    -6.54     0.007
    1.64    17.87    60.14         1.63    17.88    60.14     0.016
  -12.41     3.64    12.44       -12.29     3.65    12.42     0.120
   10.37    -9.60   -21.96        10.36    -9.58   -21.93     0.040
  -39.98     0.98   -21.01       -40.00     1.00   -21.01     0.030
  -10.81   -20.10   -44.04       -10.81   -20.11   -44.06     0.015
  -17.79   -25.84   -42.42       -17.79   -25.84   -42.43     0.010
  -39.96   -11.16   -34.61       -39.95   -11.15   -34.61     0.012
   27.65    -4.02    16.05        27.66    -4.03    16.05     0.006
   18.20     9.01   -27.15        18.27     9.09   -27.10     0.122
   13.88    -5.29    61.81        13.84    -5.24    61.75     0.095
   -2.45    -6.98   -34.37        -2.44    -6.98   -34.37     0.010
   16.24    27.02    -3.97        16.24    27.02    -3.97     0.003
  -21.21     3.61   -43.44       -21.21     3.62   -43.44     0.007
   36.41     9.63   -14.49        36.30     9.59   -14.48     0.119
   -1.71   -21.01   -33.13        -1.77   -20.99   -33.10     0.071
    4.66    -7.41    56.79         4.66    -7.40    56.79     0.012
   25.84     7.64    32.14        25.77     7.63    32.12     0.070
   18.51    20.71    35.62        18.57    20.78    35.62     0.096
   14.02   -12.29     4.51        14.05   -12.44     4.61     0.179
  -19.52   -13.61    -4.93       -19.52   -13.60    -4.95     0.015
    3.66    -8.61    22.94         3.66    -8.56    22.93     0.052
    0.55   -16.83    -7.41         0.55   -16.84    -7.40     0.008
    7.04    -5.82   -23.10         7.03    -5.82   -23.06     0.041
   16.83    -3.96    51.52        16.89    -4.03    51.53     0.091
   13.09   -17.28    -6.79        13.06   -17.38    -6.80     0.107
   -6.88     3.81    52.15        -6.85     3.81    52.15     0.027
    6.57    19.66    59.71         6.54    19.74    59.71     0.088
   15.94    -5.30    38.43        15.96    -5.42    38.43     0.124
   19.02    16.54    50.79        19.06    16.57    50.80     0.045
   -9.06    22.29    34.62        -9.05    22.27    34.61     0.030
   22.70   -14.00    -4.61        22.72   -14.04    -4.59     0.045
   33.39    -6.39   -18.28        33.31    -6.33   -18.26     0.097
   23.35     2.25    41.16        23.33     2.26    41.16     0.018
    2.64    -6.86   -26.02         2.60    -6.87   -25.97     0.063
  -12.17    18.74    35.58       -12.19    18.75    35.61     0.038
   25.40    -7.17   -24.93        25.41    -7.20   -24.97     0.047
   -8.15     8.15   -11.46        -8.15     8.13   -11.46     0.021
   17.23    26.25     7.01        17.25    26.30     7.02     0.057
  -29.04     7.47   -36.83       -29.03     7.47   -36.83     0.005
   24.15     1.01    34.80        24.20     0.99    34.81     0.053
   -4.16    13.52    57.85        -4.28    13.61    57.87     0.151
  -11.39   -29.28   -33.92       -11.37   -29.32   -33.93     0.042
  -28.84    10.12   -21.62       -28.84    10.12   -21.62     0.004
   -4.67    -0.97   -36.91        -4.68    -0.98   -36.91     0.019
   32.22    -5.95   -22.70        32.12    -5.88   -22.62     0.144
   -3.07     5.14   -23.11        -3.11     5.04   -23.04     0.133
   10.36    24.11    -6.11        10.34    24.13    -6.12     0.024
   26.01     0.62   -29.21        26.02     0.63   -29.19     0.025
  -11.94     5.42   -39.35       -11.87     5.51   -39.42     0.130
  -34.36   -18.71   -10.02       -34.31   -18.68   -10.07     0.071
  -26.62     8.89   -35.83       -26.63     8.93   -35.85     0.051
  -15.06     2.43     0.95       -15.09     2.45     0.96     0.032
    0.35     6.54   -19.17         0.37     6.57   -19.20     0.048
   21.89     7.49    55.33        21.90     7.49    55.33     0.016
  -19.33   -30.64   -36.34       -19.33   -30.64   -36.34     0.005
  -10.61     9.71    31.37       -10.62     9.70    31.37     0.013
  -13.96    12.70    20.10       -14.10    12.59    20.02     0.198
   14.49    27.10     1.75        14.52    27.34     1.71     0.243
   23.00    24.49   -19.43        22.99    24.45   -19.42     0.039
    4.72    -4.65   -23.97         4.72    -4.65   -23.98     0.011
   14.21    20.86   -29.65        14.22    20.85   -29.64     0.014
    0.92     8.81   -14.78         0.92     8.69   -14.73     0.124
    0.41   -10.92    11.51         0.40   -11.06    11.52     0.140
   17.74    17.37    53.60        17.82    17.44    53.62     0.110
  -30.15   -26.37   -13.63       -30.15   -26.37   -13.63     0.007
   10.21    22.39    31.28        10.21    22.44    31.29     0.047
   31.65    11.49    14.59        31.55    11.45    14.54     0.121
  -15.98    18.82    26.04       -16.14    18.85    26.04     0.161
    8.25     1.09    63.21         8.26     1.09    63.27     0.057
    2.12    -7.09    57.83         2.11    -7.20    57.83     0.111
   13.82    11.05    63.14        13.82    11.05    63.14     0.001
    2.39    18.37    58.10         2.40    18.32    58.09     0.049
   12.06    25.50    -6.80        12.08    25.45    -6.79     0.051
   -2.80    -7.71   -39.37        -2.80    -7.71   -39.37     0.006
   33.05     7.68   -24.39        33.08     7.68   -24.40     0.028
  -39.14   -13.91   -13.17       -39.11   -13.91   -13.20     0.047
  -35.88   -27.09   -26.55       -35.82   -27.02   -26.55     0.090
   16.06    21.45    36.95        16.08    21.54    36.95     0.101
   18.91    26.29    -7.57        18.91    26.22    -7.57     0.069
   22.67    25.71    -1.98        22.62    25.56    -1.99     0.157
   -9.62    24.47    22.64        -9.65    24.58    22.61     0.118
   22.81    -5.41    20.31        22.73    -5.26    20.27     0.177
  -36.59   -25.74   -30.33       -36.60   -25.74   -30.33     0.010
   17.38    25.98    -9.92        17.38    26.02    -9.93     0.035
  -39.77   -18.21   -34.19       -39.84   -18.22   -34.21     0.081
   15.12   -14.47   -16.04        15.11   -14.52   -16.07     0.052
   13.92    -2.28    63.19        13.92    -2.29    63.09     0.098
   26.05   -11.54    -2.52        26.03   -11.46    -2.55     0.091
   -9.35   -28.87   -29.14        -9.26   -29.01   -29.17     0.168
  -14.10   -11.36   -48.20       -14.09   -11.35   -48.25     0.046
  -37.47   -13.98   -42.32       -37.43   -13.97   -42.30     0.045
   -1.00    -9.48   -32.14        -1.07    -9.52   -32.10     0.088
    3.50     8.19    63.45         3.50     8.19    63.42     0.031
    7.83    -7.87    21.10         7.82    -7.84    21.09     0.039
  -13.05     2.99     8.24       -13.19     3.04     8.24     0.147
  -31.14   -29.13   -19.56       -31.21   -29.24   -19.51     0.138
   26.46   -13.18   -16.15        26.47   -13.19   -16.16     0.011
   11.63    -9.96    10.82        11.67   -10.14    10.90     0.202
  -25.25   -28.20   -13.65       -25.26   -28.29   -13.58     0.110
   20.06    -2.20    42.56        20.23    -2.38    42.59     0.252
   11.30    21.32   -12.32        11.31    21.32   -12.32     0.011
   14.56    -6.37    27.26        14.55    -6.29    27.25     0.078
  -11.20    22.17    18.90       -11.18    22.16    18.91     0.020
  -21.22   -22.48    -7.91       -21.22   -22.44    -7.97     0.074
   16.45   -14.62    -0.85        16.42   -14.55    -0.90     0.090
  -21.29   -20.21    -6.75       -21.29   -20.21    -6.75     0.005
   -4.48    13.75    53.21        -4.48    13.76    53.21     0.002
  -22.10     5.15   -13.93       -22.10     5.17   -13.91     0.027
   37.61     2.76     9.39        37.57     2.76     9.36     0.049
    0.76    18.31     5.04         0.73    18.32     5.01     0.035
   34.55     5.23   -21.93        34.50     5.23   -21.90     0.061
   13.87    -6.02    39.10        13.85    -5.95    39.10     0.079
   29.51     5.66    21.17        29.38     5.67    21.12     0.134
   14.54   -16.63    -3.40        14.54   -16.64    -3.40     0.019
  -33.34     8.29   -25.16       -33.32     8.25   -25.16     0.036
   19.60    21.64   -27.81        19.57    21.60   -27.74     0.089
  -13.48     1.94     8.38       -13.47     1.94     8.37     0.020
    4.58    -7.01    42.66         4.58    -7.00    42.66     0.018
   16.21    22.06   -28.92        16.24    22.12   -28.97     0.080
   -5.99    -0.39    51.02        -5.82    -0.33    51.02     0.177
   -0.40   -20.78   -20.38        -0.45   -20.74   -20.39     0.063
    8.93    -6.65    49.28         8.98    -6.85    49.27     0.203
   31.63    13.12    13.35        31.69    13.14    13.39     0.067
    0.54     3.21   -22.97         0.50     3.18   -22.94     0.058
   27.44    22.61   -14.94        27.46    22.64   -14.94     0.037
  -17.31    -7.63    -0.85       -17.33    -7.63    -0.84     0.022
  -13.17     5.11    -0.34       -13.05     4.97    -0.35     0.187
  -32.23    -4.61    -9.52       -32.23    -4.61    -9.52     0.003
   17.90    22.97    22.70        17.84    22.77    22.68     0.204
    2.00    -3.29   -25.12         2.07    -3.26   -25.18     0.093
    2.50   -17.51   -19.74         2.63   -17.69   -19.77     0.220
