200 PA4-G-Unknown-Output.txt
   20.07     0.10    55.57        20.06     0.11    55.56     0.013
   21.63    23.61    12.04        21.63    23.62    12.04     0.004
   25.27     4.66   -30.04        25.27     4.66   -30.05     0.010
   14.46    -7.19   -22.04        14.46    -7.18   -22.04     0.005
   29.98     4.54    19.58        29.98     4.54    19.58     0.004
   10.76    22.26   -10.64        10.76    22.25   -10.63     0.012
   -9.28    -3.76    17.12        -9.28    -3.76    17.12     0.005
   13.46   -17.22    -8.57        13.46   -17.23    -8.57     0.009
   -8.49   -17.62    -6.76        -8.49   -17.62    -6.76     0.005
   -5.46    14.61     8.69        -5.46    14.61     8.69     0.005
   -6.53     2.12    48.20        -6.54     2.11    48.20     0.015
   21.45    13.22    49.40        21.45    13.22    49.40     0.003
   -5.58    21.27    37.15        -5.58    21.26    37.15     0.005
   12.47    26.28    -4.44        12.47    26.25    -4.43     0.029
   24.37   -11.89    -2.82        24.38   -11.90    -2.81     0.017
    9.55    23.78    -5.48         9.56    23.76    -5.47     0.020
    3.50    21.09     3.40         3.51    21.08     3.41     0.013
   31.48    -3.93   -24.98        31.48    -3.93   -24.99     0.009
    6.83   -11.31    10.73         6.83   -11.30    10.73     0.010
  -18.39    10.18   -19.69       -18.40    10.18   -19.68     0.006
  -20.45   -20.61    -6.97       -20.45   -20.60    -6.98     0.015
   38.03     1.32   -13.41        38.03     1.33   -13.42     0.008
   -7.32     6.58    38.27        -7.32     6.57    38.28     0.005
  -20.29    11.28   -20.16       -20.29    11.28   -20.16     0.007
   24.70    24.30    -6.68        24.68    24.29    -6.68     0.016
   17.93    25.45   -15.86        17.93    25.42   -15.86     0.027
  -30.05   -19.85   -45.46       -30.05   -19.85   -45.46     0.002
  -18.35   -31.97   -32.44       -18.35   -31.96   -32.44     0.009
   23.80    -8.22     6.40        23.81    -8.23     6.40     0.014
   -9.64   -28.65   -20.91        -9.64   -28.64   -20.92     0.008
   18.40     5.16    62.79        18.40     5.16    62.79     0.004
   21.56   -13.57    -3.22        21.57   -13.58    -3.22     0.014
   17.43    -6.83    18.63        17.44    -6.84    18.63     0.006
   -8.15     6.27   -29.79        -8.15     6.28   -29.79     0.006
   35.47     7.04   -19.45        35.47     7.05   -19.45     0.010
   27.52     3.83    25.92        27.51     3.84    25.92     0.010
  -11.08     2.34    17.03       -11.07     2.34    17.03     0.004
  -35.96     2.24   -14.93       -35.97     2.24   -14.93     0.010
  -26.52   -11.07   -48.32       -26.53   -11.08   -48.33     0.007
    7.01    -6.93    48.72         7.01    -6.90    48.72     0.024
  -32.97     6.93   -33.43       -32.98     6.94   -33.43     0.015
  -15.62   -17.36   -47.18       -15.62   -17.37   -47.18     0.005
   -0.33    -0.65   -25.61        -0.33    -0.64   -25.61     0.005
   28.11    -0.60    20.80        28.12    -0.60    20.80     0.007
  -30.47   -30.12   -21.32       -30.46   -30.11   -21.32     0.017
   29.13   -10.07   -20.29        29.13   -10.08   -20.30     0.015
    3.87    18.95    56.16         3.86    18.97    56.17     0.024
   12.95    24.72    -9.61        12.95    24.71    -9.60     0.016
   34.02     1.56    13.33        34.02     1.57    13.33     0.005
   10.80    26.48     6.06        10.80    26.47     6.07     0.010
   -8.27    14.05    39.74        -8.26    14.05    39.74     0.020
   18.06    -7.59    14.00        18.06    -7.60    14.00     0.008
    6.80    -2.51    63.38         6.80    -2.51    63.38     0.007
   31.10    18.39   -18.17        31.09    18.40   -18.17     0.010
   34.88    -4.23     7.84        34.89    -4.23     7.84     0.017
   -5.37    -2.18    41.86        -5.36    -2.18    41.86     0.007
  -13.92    22.57    23.49       -13.93    22.57    23.49     0.012
  -15.86    18.79    23.51       -15.86    18.78    23.51     0.006
  -27.71    11.10   -25.11       -27.72    11.10   -25.11     0.007
   -6.94     7.03    50.27        -6.95     7.03    50.28     0.008
   32.08    18.91     1.31        32.07    18.91     1.31     0.006
   17.76    -4.80    37.49        17.76    -4.79    37.49     0.012
   26.89    22.53   -18.64        26.88    22.53   -18.64     0.009
   39.72     6.78    -5.81        39.71     6.78    -5.81     0.009
   -9.01     8.52   -19.07        -9.01     8.52   -19.07     0.003
   -6.05    15.74    11.15        -6.05    15.74    11.15     0.004
  -15.25   -27.29   -40.19       -15.25   -27.29   -40.19     0.008
  -35.23   -25.36   -35.24       -35.23   -25.36   -35.23     0.004
   28.77    -7.30     7.85        28.78    -7.32     7.85     0.026
   -0.30    -5.18   -28.56        -0.29    -5.18   -28.56     0.006
  -18.58    -2.27    -2.42       -18.58    -2.27    -2.41     0.006
  -15.13    12.72    24.37       -15.12    12.73    24.37     0.018
   -5.43   -12.86     1.34        -5.43   -12.86     1.34     0.004
    4.51    19.66    49.85         4.51    19.66    49.86     0.005
   -8.45     4.01    28.09        -8.44     4.01    28.09     0.006
   30.78     3.00   -27.70        30.79     3.00   -27.71     0.017
   14.26    -6.96    21.27        14.26    -6.96    21.27     0.003
   -1.88    -5.42    62.84        -1.87    -5.41    62.83     0.015
   29.21     0.29   -28.34        29.22     0.29   -28.36     0.018
   38.60     5.91   -10.66        38.59     5.91   -10.66     0.014
    2.76    19.41    47.73         2.75    19.44    47.73     0.027
    0.84    22.27    11.78         0.83    22.28    11.78     0.009
  -35.46   -26.59   -31.96       -35.46   -26.59   -31.96     0.004
    1.24   -10.78   -28.18         1.23   -10.78   -28.17     0.006
   -3.82    23.03    33.06        -3.82    23.04    33.07     0.013
   19.71   -13.48   -18.17        19.71   -13.49   -18.19     0.021
    0.00     9.61   -11.66         0.00     9.60   -11.65     0.008
  -10.78   -25.78   -14.22       -10.78   -25.77   -14.22     0.013
   -8.03    -5.86    17.58        -8.03    -5.86    17.58     0.004
   31.53    15.33   -21.60        31.53    15.34   -21.61     0.011
   10.31    21.14    46.04        10.31    21.14    46.04     0.006
   35.21    15.01    -4.13        35.19    15.01    -4.13     0.012
   24.39    17.21    24.67        24.40    17.22    24.67     0.009
   -6.27     0.52    41.30        -6.27     0.51    41.30     0.005
   12.21    -6.21    38.41        12.21    -6.20    38.41     0.005
    1.77    -8.82    24.03         1.76    -8.80    24.03     0.019
  -34.74    -7.81    -8.64       -34.75    -7.81    -8.63     0.010
  -37.32   -24.81   -20.82       -37.31   -24.82   -20.82     0.006
   -4.36    13.64     6.19        -4.37    13.65     6.19     0.007
  -15.52     8.65   -17.13       -15.52     8.65   -17.13     0.005
   11.99    -6.30    60.37        11.98    -6.28    60.37     0.022
   18.68    -6.42    19.54        18.68    -6.43    19.54     0.011
   26.00   -11.37    -2.32        26.01   -11.38    -2.31     0.019
   24.31   -12.54    -3.62        24.32   -12.55    -3.61     0.021
   20.49    16.46   -30.56        20.48    16.47   -30.56     0.008
   19.71    25.64   -14.84        19.71    25.61   -14.84     0.030
  -30.93     6.78   -15.88       -30.93     6.78   -15.88     0.006
  -37.92   -17.56   -13.06       -37.92   -17.56   -13.07     0.007
  -34.22     5.82   -18.60       -34.23     5.83   -18.59     0.012
   -3.83   -16.85   -39.77        -3.83   -16.85   -39.77     0.003
    1.31   -13.87   -27.50         1.30   -13.87   -27.50     0.007
   26.94     3.47    27.63        26.93     3.48    27.62     0.014
   40.58     4.38    -4.75        40.57     4.39    -4.74     0.012
   -7.18    14.82    11.51        -7.19    14.83    11.50     0.010
   -6.78     3.59    50.49        -6.77     3.58    50.49     0.007
  -28.52   -26.62   -12.46       -28.51   -26.62   -12.47     0.010
   -6.06    -9.84     9.39        -6.06    -9.85     9.39     0.005
   32.84    17.83   -12.15        32.83    17.83   -12.15     0.012
   -3.77    -4.88    38.54        -3.77    -4.88    38.54     0.006
    0.42    17.04     3.87         0.41    17.05     3.87     0.005
   11.33    -6.32    49.11        11.33    -6.33    49.11     0.006
  -36.47    -0.58   -13.63       -36.47    -0.59   -13.63     0.006
  -37.29   -14.29   -42.35       -37.29   -14.30   -42.35     0.007
   -8.78   -22.19   -11.05        -8.78   -22.19   -11.05     0.003
   16.53    19.71   -30.35        16.53    19.71   -30.35     0.009
    7.65    21.28    38.78         7.64    21.29    38.79     0.013
   -5.57    23.53    32.91        -5.57    23.55    32.92     0.015
   18.31    20.91    36.55        18.31    20.91    36.55     0.003
  -34.58    -3.16   -43.26       -34.59    -3.16   -43.27     0.012
  -25.68    -1.76   -46.94       -25.69    -1.76   -46.95     0.008
   17.22    -7.15   -22.29        17.22    -7.14   -22.30     0.007
  -10.00     6.38   -35.94       -10.00     6.39   -35.95     0.010
    3.83    23.07     7.91         3.83    23.07     7.91     0.005
    1.75   -18.54   -22.45         1.75   -18.54   -22.45     0.002
  -24.74   -30.01   -36.61       -24.74   -30.01   -36.61     0.003
    4.82    10.53   -11.54         4.81    10.53   -11.53     0.010
   -3.25    15.49    50.88        -3.26    15.50    50.88     0.018
   26.29    -5.24    14.43        26.30    -5.25    14.43     0.014
   29.63    -9.61    -9.51        29.64    -9.61    -9.51     0.017
  -20.87   -32.23   -21.95       -20.87   -32.22   -21.95     0.013
  -15.91   -23.51   -43.90       -15.91   -23.51   -43.89     0.001
  -20.19     5.62   -14.22       -20.20     5.62   -14.21     0.005
   25.96   -12.53    -5.38        25.97   -12.55    -5.38     0.025
   14.81    -4.74    59.07        14.81    -4.73    59.07     0.016
   -1.32    22.85    32.33        -1.32    22.85    32.34     0.005
   25.86    -6.27    12.21        25.87    -6.28    12.22     0.015
  -26.80   -14.32   -47.82       -26.80   -14.32   -47.83     0.005
   25.78    23.81     1.69        25.77    23.80     1.69     0.013
   -6.57     1.94    39.73        -6.58     1.94    39.73     0.013
   -9.21   -27.50   -35.07        -9.21   -27.49   -35.07     0.010
   39.05     0.85    -5.00        39.07     0.84    -5.00     0.026
   18.26   -10.49     5.54        18.26   -10.49     5.54     0.007
   20.27     0.36   -24.65        20.27     0.37   -24.66     0.007
   13.24    21.49   -26.17        13.26    21.47   -26.18     0.035
   28.99    12.43    18.61        28.99    12.44    18.61     0.004
   -3.09    -3.73   -32.15        -3.09    -3.73   -32.15     0.005
   37.93     9.64    -9.06        37.92     9.64    -9.06     0.011
    7.03    24.02    20.41         7.03    24.01    20.41     0.007
  -15.42   -17.53   -47.12       -15.42   -17.53   -47.12     0.003
  -12.94   -23.75   -10.69       -12.95   -23.74   -10.70     0.018
  -42.74   -16.45   -24.33       -42.73   -16.45   -24.33     0.006
  -41.33   -14.73   -29.96       -41.34   -14.73   -29.97     0.014
   -6.44    10.74    47.51        -6.44    10.74    47.51     0.005
   24.97     8.71    35.10        24.96     8.71    35.09     0.015
  -13.36     0.41   -44.83       -13.36     0.42   -44.84     0.011
  -13.21   -25.31   -11.70       -13.21   -25.31   -11.70     0.006
    3.10    12.07    -7.53         3.09    12.06    -7.52     0.005
   11.88    17.09   -23.95        11.89    17.10   -23.95     0.011
   13.05    11.50    63.11        13.05    11.49    63.10     0.008
  -20.13   -13.11    -4.80       -20.13   -13.11    -4.81     0.012
   11.08    22.16    34.19        11.08    22.15    34.19     0.007
   -6.70     2.31    37.52        -6.70     2.31    37.52     0.007
   30.84    18.98   -17.82        30.84    18.98   -17.82     0.008
    6.28    20.19    -3.89         6.29    20.19    -3.88     0.016
  -31.54   -23.93   -41.19       -31.54   -23.94   -41.19     0.003
   -7.68    15.10    12.31        -7.69    15.10    12.31     0.007
   -2.82    15.87     7.18        -2.83    15.88     7.18     0.007
   24.44     4.27    37.44        24.43     4.27    37.44     0.003
   12.25    22.34    33.60        12.25    22.34    33.60     0.003
   -3.57    -4.59    44.83        -3.56    -4.58    44.83     0.012
  -28.34   -18.13   -46.56       -28.34   -18.13   -46.56     0.007
   19.34   -15.16    -3.66        19.34   -15.17    -3.65     0.013
  -19.42   -29.75   -15.30       -19.42   -29.74   -15.31     0.019
   -7.72   -17.29    -6.31        -7.72   -17.29    -6.32     0.002
   -8.51   -27.13   -34.93        -8.51   -27.12   -34.92     0.012
   -9.22     3.37    24.63        -9.22     3.36    24.63     0.004
   -0.87    -6.97    34.44        -0.86    -6.95    34.43     0.015
   -3.95   -21.86   -15.03        -3.96   -21.86   -15.03     0.008
   18.27    -5.92    25.13        18.27    -5.92    25.13     0.009
   14.03    13.27   -14.87        14.03    13.27   -14.86     0.012
   14.34    -7.64   -21.94        14.34    -7.64   -21.94     0.005
   -7.48     3.62    32.23        -7.47     3.61    32.23     0.009
  -10.59   -22.37   -10.77       -10.59   -22.36   -10.77     0.005
  -29.61   -27.51   -38.29       -29.60   -27.50   -38.29     0.006
  -15.98    18.71    23.86       -15.98    18.71    23.86     0.009
   -0.02    19.42    44.51        -0.02    19.43    44.52     0.009
  -13.07     1.60     9.47       -13.07     1.60     9.48     0.005
   27.02    -0.51    23.65        27.02    -0.51    23.65     0.005
  -11.56    11.16    15.59       -11.56    11.15    15.59     0.005
   -6.41     8.31   -15.51        -6.42     8.31   -15.51     0.005
