200 PA4-K-Unknown-Output.txt
   38.35    -0.57     5.65        38.35    -0.56     5.65     0.008
    3.38   -16.75    -7.89         3.36   -16.63    -7.96     0.137
  -18.64    10.44   -35.77       -18.65    10.49   -35.82     0.071
   11.25    24.27    -7.20        11.18    24.33    -7.24     0.102
   32.39    16.27    10.19        32.39    16.27    10.20     0.007
  -20.18   -13.93   -48.98       -20.18   -13.93   -48.97     0.004
   25.36     1.06    31.36        25.15     1.16    31.31     0.235
  -33.08   -27.53   -18.43       -33.13   -27.59   -18.41     0.081
    1.01     6.64   -19.03         0.95     6.53   -18.93     0.163
   37.67     0.92     8.87        37.69     0.91     8.89     0.035
   29.18    13.12    17.79        29.22    13.13    17.81     0.041
   30.23    17.34    12.04        30.16    17.29    12.00     0.096
    7.46    20.58    -5.58         7.38    20.62    -5.64     0.110
   22.29     4.97    50.57        22.34     4.97    50.58     0.048
  -32.51     5.43   -37.76       -32.45     5.32   -37.72     0.132
    4.41   -12.30   -23.89         4.40   -12.29   -23.88     0.014
    6.65    -6.82    34.46         6.67    -6.93    34.47     0.107
  -35.94     2.92   -15.51       -35.91     2.90   -15.53     0.048
   33.86    -5.47     0.08        33.72    -5.37     0.10     0.173
   21.12    16.98    37.26        21.12    16.98    37.26     0.003
   -3.06   -19.03   -37.72        -3.12   -18.98   -37.68     0.086
  -32.18   -14.81   -45.97       -32.16   -14.77   -45.88     0.108
  -37.53   -17.22   -40.68       -37.51   -17.21   -40.65     0.039
   30.04    21.00    -1.34        30.01    20.97    -1.34     0.045
   21.16    22.30   -25.91        21.17    22.32   -25.93     0.019
   12.54   -16.91    -8.88        12.57   -16.84    -8.86     0.082
    5.80   -12.98   -22.15         5.76   -12.95   -22.09     0.075
   -1.13    12.02    -3.46        -1.15    12.05    -3.47     0.034
    0.21   -13.10   -30.45         0.25   -13.10   -30.45     0.038
   -7.05     4.13    57.12        -6.93     4.15    57.13     0.118
   17.09    -4.80    41.99        17.09    -4.80    41.99     0.001
   32.31    18.39   -12.37        32.35    18.42   -12.38     0.050
   12.12    26.86     4.50        12.08    26.98     4.52     0.133
   29.21    -0.76    18.76        29.16    -0.74    18.73     0.060
    3.39    24.00    21.01         3.39    23.95    21.00     0.050
   -3.44    14.46    60.47        -3.39    14.40    60.46     0.076
    6.33    22.72    29.87         6.33    22.62    29.85     0.105
   25.95    24.04    -0.72        25.91    23.95    -0.73     0.095
   -1.73    -7.85   -32.50        -1.85    -7.87   -32.43     0.142
  -16.91   -28.32   -14.13       -16.92   -28.29   -14.15     0.029
   -6.77    -3.69    28.57        -6.85    -3.73    28.58     0.090
   -5.62   -16.01    -4.41        -5.62   -15.98    -4.43     0.030
   23.70     8.46    42.31        23.74     8.47    42.32     0.038
    0.58    18.10     5.01         0.59    18.10     5.01     0.004
   21.94     7.33    55.35        21.90     7.33    55.34     0.041
   -6.85     5.89    42.01        -6.98     5.89    42.01     0.129
   18.95    25.44   -20.62        18.95    25.50   -20.62     0.061
  -28.26   -25.51   -10.91       -28.20   -25.46   -10.98     0.104
   18.84    -6.74    16.51        18.86    -6.83    16.53     0.097
   17.75     8.63    63.16        17.75     8.63    63.11     0.043
   10.11     6.57    62.82        10.11     6.56    62.88     0.063
   13.57    25.38    12.95        13.57    25.40    12.95     0.024
   13.02    26.59     8.11        13.03    26.63     8.11     0.044
   19.63    18.90    37.17        19.73    18.98    37.20     0.128
  -34.85   -12.75   -45.55       -34.86   -12.75   -45.57     0.023
    9.33    13.82    -9.85         9.30    13.84    -9.90     0.058
   25.41    21.53    13.22        25.36    21.46    13.19     0.097
   -9.45     9.07     6.61        -9.42     9.04     6.62     0.041
   35.90     0.29    10.84        35.99     0.28    10.92     0.116
   -6.71     5.37   -27.30        -6.60     5.51   -27.32     0.183
    3.22    -7.35    62.93         3.25    -7.13    62.85     0.233
   21.49    -4.78    24.45        21.50    -4.80    24.45     0.027
   -9.71     6.29   -35.84        -9.73     6.26   -35.82     0.044
   -6.79    14.05    43.18        -6.85    14.06    43.20     0.063
  -43.90    -9.37   -26.29       -44.00    -9.38   -26.32     0.102
   21.99    -1.20    37.44        22.12    -1.31    37.46     0.169
  -19.40    -5.89    -2.61       -19.44    -5.91    -2.54     0.078
  -25.60   -23.72   -43.71       -25.60   -23.71   -43.69     0.021
   -2.63   -11.87     4.79        -2.63   -11.90     4.79     0.026
   -6.57   -16.98    -5.99        -6.58   -17.05    -5.92     0.092
   21.26    -9.35     4.60        21.29    -9.46     4.64     0.119
  -34.00    -1.65   -11.11       -34.01    -1.70   -11.12     0.050
   -6.05     0.13    53.76        -6.02     0.14    53.76     0.032
   23.49    10.74    43.03        23.33    10.71    43.00     0.170
   -3.87    -3.79   -38.50        -3.91    -3.81   -38.47     0.055
   21.45    -1.89    37.19        21.53    -1.97    37.20     0.111
   16.86    21.33   -29.19        16.87    21.33   -29.20     0.015
   -4.51    24.76    25.37        -4.53    24.68    25.37     0.082
  -19.47   -24.59   -44.00       -19.46   -24.62   -44.03     0.044
   27.27     4.39    26.56        27.34     4.39    26.58     0.082
   28.34    11.19    21.57        28.17    11.14    21.51     0.189
  -38.38   -14.20   -40.80       -38.45   -14.21   -40.85     0.088
  -32.73   -16.19    -8.07       -32.73   -16.18    -8.07     0.008
   26.04    20.50   -23.30        26.02    20.48   -23.28     0.040
   -7.90    -4.63    21.78        -7.83    -4.60    21.76     0.076
   14.26    22.34    34.01        14.26    22.41    34.02     0.079
   15.81    24.58   -18.50        15.83    24.56   -18.51     0.029
  -10.66   -28.96   -20.64       -10.60   -29.06   -20.61     0.121
   32.75    -2.45   -24.10        32.70    -2.44   -24.07     0.055
   30.32     8.22   -28.40        30.33     8.22   -28.41     0.007
  -13.02    10.88   -24.36       -13.02    10.89   -24.37     0.010
   18.43    25.55   -15.34        18.44    25.51   -15.34     0.045
    0.45   -15.38   -29.36         0.42   -15.38   -29.35     0.032
   26.95     9.83    27.46        26.79     9.78    27.42     0.171
   14.74    13.60   -28.53        14.75    13.61   -28.53     0.015
   17.54    -3.51    49.23        17.57    -3.55    49.23     0.053
  -43.88   -10.24   -23.47       -43.85   -10.23   -23.48     0.030
    1.56   -14.92    -3.58         1.55   -14.81    -3.63     0.116
   24.22     9.90    39.65        24.09     9.85    39.63     0.137
   -9.03    11.04    36.07        -9.14    10.98    36.10     0.124
   25.09    12.95   -29.67        25.09    12.95   -29.68     0.011
   -7.06     5.24    58.71        -7.08     5.24    58.71     0.017
    3.08    23.70    23.97         3.07    23.64    23.97     0.060
   -4.59     0.78   -30.44        -4.58     0.78   -30.45     0.015
   34.82    16.18     3.51        34.79    16.14     3.50     0.046
    9.18    -6.39   -21.91         9.18    -6.39   -21.91     0.003
  -35.78   -14.87    -9.40       -35.84   -14.87    -9.35     0.083
  -21.84     2.32   -44.48       -21.84     2.36   -44.54     0.074
  -21.90    -9.67    -4.12       -21.93    -9.67    -4.08     0.051
  -38.27   -21.55   -16.90       -38.27   -21.55   -16.90     0.005
   -5.94    -0.63    44.86        -5.79    -0.58    44.86     0.162
   -1.12   -16.35   -35.97        -1.13   -16.34   -35.96     0.013
    1.37    -9.20   -27.58         1.41    -9.19   -27.61     0.054
   32.61     6.46   -25.18        32.61     6.46   -25.19     0.002
   24.64    -2.50    25.48        24.61    -2.48    25.47     0.041
   -1.75   -21.35   -32.33        -1.72   -21.37   -32.34     0.039
   11.50    -6.35    41.41        11.50    -6.37    41.41     0.017
    3.48    17.21    -1.24         3.53    17.19    -1.21     0.057
   31.06     8.12    17.07        31.16     8.13    17.13     0.122
  -16.90   -15.69   -47.97       -16.91   -15.68   -47.95     0.029
  -38.85   -19.36   -15.80       -38.88   -19.37   -15.79     0.032
   30.42     4.61    18.68        30.46     4.61    18.70     0.046
   30.65    18.66   -18.49        30.77    18.73   -18.54     0.146
   15.02   -10.57     7.57        15.02   -10.51     7.54     0.063
   -2.33   -10.01   -39.19        -2.35   -10.01   -39.18     0.027
   30.25    13.08    15.84        30.27    13.09    15.84     0.017
    4.35     7.60   -16.13         4.33     7.55   -16.09     0.075
  -38.58   -23.62   -31.06       -38.45   -23.53   -31.01     0.169
   26.69    -3.22   -27.11        26.69    -3.21   -27.10     0.017
   12.96    -7.48   -21.70        12.95    -7.50   -21.79     0.093
   35.87    -2.26   -17.33        35.90    -2.27   -17.35     0.029
    6.86    22.99    27.81         6.86    22.98    27.81     0.011
   26.80   -12.50   -10.14        26.75   -12.45   -10.16     0.071
    2.71    -6.89    51.01         2.71    -6.89    51.01     0.003
  -10.33    18.17    37.63       -10.30    18.16    37.60     0.040
   -4.16    24.08    29.14        -4.14    24.18    29.16     0.101
  -31.99   -29.29   -22.08       -32.00   -29.30   -22.08     0.017
   14.86    27.13    -1.61        14.87    27.09    -1.62     0.048
  -19.09   -30.91   -16.93       -19.09   -30.88   -16.95     0.041
  -28.80   -17.34    -7.35       -28.80   -17.34    -7.39     0.038
    7.35    22.68    29.18         7.35    22.75    29.19     0.069
  -13.68   -29.05   -17.37       -13.69   -29.01   -17.39     0.049
    7.44     7.08    63.08         7.44     7.08    63.07     0.008
   -7.78     3.18    30.32        -7.79     3.18    30.32     0.008
    8.10    -7.46    60.12         8.10    -7.30    60.13     0.160
   22.75     3.20    44.95        22.82     3.19    44.97     0.077
   27.95   -12.26   -13.90        27.95   -12.26   -13.90     0.004
  -19.86   -32.83   -28.53       -19.88   -32.73   -28.52     0.104
  -32.68     2.72   -40.25       -32.67     2.71   -40.24     0.009
   23.79   -11.24    -1.05        23.78   -11.20    -1.07     0.055
   -8.55    -6.18   -45.00        -8.51    -6.16   -45.04     0.064
   21.96    18.76    27.97        22.12    18.87    28.00     0.198
   -6.42   -11.21     4.62        -6.43   -11.23     4.63     0.019
    4.47    -8.27    23.01         4.49    -8.40    23.03     0.131
   34.98     0.88    11.90        35.07     0.87    11.98     0.116
   -3.93    23.94    30.46        -3.94    23.85    30.44     0.100
  -11.88   -23.87   -11.33       -11.92   -23.83   -11.41     0.098
   18.54    26.95    -1.80        18.54    26.94    -1.80     0.015
    6.55   -10.51   -22.91         6.54   -10.50   -22.89     0.025
  -27.64   -26.93   -12.09       -27.65   -26.93   -12.09     0.008
   30.59     7.56   -28.19        30.56     7.56   -28.18     0.032
   26.68    17.21    18.17        26.66    17.20    18.16     0.023
  -39.90   -15.73   -35.12       -39.85   -15.73   -35.11     0.047
  -10.48     9.66    12.38       -10.48     9.66    12.38     0.001
  -40.10   -20.86   -30.80       -40.18   -20.90   -30.82     0.089
  -12.81    10.41   -21.79       -12.83    10.37   -21.80     0.050
   -8.33     8.84    36.06        -8.19     8.87    36.02     0.149
   -0.08    17.10    58.73        -0.09    17.12    58.73     0.020
   35.28    15.76     4.02        35.20    15.68     4.01     0.108
   18.26   -11.33     3.81        18.25   -11.32     3.80     0.012
   -5.18   -22.64   -36.86        -5.20   -22.62   -36.85     0.030
  -15.07    -8.35     0.88       -15.10    -8.37     0.92     0.055
   40.29     3.10    -4.19        40.46     2.99    -4.16     0.207
   -7.62     5.17    32.54        -7.71     5.14    32.56     0.090
  -20.14   -14.78   -48.64       -20.13   -14.80   -48.70     0.061
  -17.53    10.88   -33.68       -17.51    11.00   -33.71     0.126
   12.27    25.61    -7.01        12.32    25.51    -6.98     0.113
   22.14    24.91     5.53        22.18    24.99     5.56     0.092
  -36.73    -6.23   -42.61       -36.67    -6.26   -42.53     0.107
    1.41    -0.26   -24.31         1.39    -0.26   -24.28     0.037
   29.27   -10.59   -18.87        29.30   -10.64   -18.88     0.061
    6.08   -15.67    -5.03         6.09   -15.58    -5.05     0.094
   10.10    -6.59    43.71        10.09    -6.51    43.71     0.085
   18.56    16.36   -31.11        18.56    16.37   -31.12     0.009
  -39.27     2.25   -21.80       -39.25     2.24   -21.81     0.023
  -40.80     0.85   -24.91       -40.76     0.82   -24.91     0.050
   34.57    11.81    10.40        34.66    11.83    10.47     0.117
  -31.42    -9.91    -6.57       -31.37    -9.91    -6.63     0.079
   -0.03   -14.44   -33.45        -0.04   -14.44   -33.45     0.010
   -7.43     8.48   -16.68        -7.43     8.34   -16.69     0.145
   29.92    20.71   -15.49        30.01    20.79   -15.50     0.113
   -7.49     2.56    31.81        -7.40     2.57    31.79     0.099
   -1.94   -22.13   -31.49        -1.96   -22.11   -31.49     0.032
   34.47    12.61    10.53        34.47    12.61    10.53     0.004
  -31.74   -13.03   -46.63       -31.74   -13.03   -46.64     0.003
   19.63     0.42    58.98        19.71     0.38    58.99     0.090
   22.56     9.25    51.64        22.32     9.24    51.61     0.244
   22.69    -8.34     7.09        22.68    -8.31     7.08     0.039
  -26.88     0.21   -45.22       -26.90     0.23   -45.26     0.050
  -21.68   -32.63   -30.00       -21.68   -32.70   -30.01     0.077
