200 PA4-F-Debug-Output.txt
   20.27    15.76    46.93        20.20    15.72    46.91     0.083
    4.95    -7.39    33.23         4.93    -7.28    33.23     0.112
   11.78    -6.34    60.70        11.79    -6.36    60.70     0.021
   14.14    10.10   -16.09        14.15    10.09   -16.08     0.011
   -3.73    10.96    62.37        -3.75    10.97    62.41     0.051
  -10.32    14.49    14.51       -10.34    14.49    14.50     0.018
   16.11    24.77   -18.23        16.14    24.72   -18.23     0.065
  -12.89   -14.35   -47.28       -12.89   -14.35   -47.29     0.008
  -22.35    -6.23    -4.94       -22.34    -6.24    -4.95     0.023
   17.86    22.93    22.90        17.81    22.77    22.89     0.171
   16.12    24.82   -19.78        16.16    24.76   -19.78     0.078
   30.50    -8.87    -2.10        30.51    -8.90    -2.09     0.025
   32.50     2.33    15.36        32.55     2.33    15.39     0.060
   14.51   -14.35     0.77        14.53   -14.39     0.80     0.053
  -17.09   -15.33    -5.08       -17.09   -15.33    -5.09     0.009
    3.18   -10.73    13.41         3.18   -10.80    13.42     0.067
   27.28   -10.81   -20.99        27.27   -10.81   -20.98     0.012
  -30.04   -19.85   -45.37       -30.07   -19.89   -45.43     0.077
    4.32   -13.83    -0.49         4.34   -13.74    -0.51     0.100
   22.71     7.42    48.28        22.87     7.42    48.31     0.168
    0.61    -7.84   -28.28         0.63    -7.84   -28.29     0.020
  -28.65   -26.23   -12.14       -28.69   -26.27   -12.11     0.068
  -18.29   -31.87   -32.36       -18.27   -31.96   -32.38     0.091
  -11.59     7.99   -15.83       -11.59     8.01   -15.83     0.025
  -20.21   -29.61   -38.49       -20.20   -29.54   -38.44     0.093
  -12.25    -8.15     4.41       -12.26    -8.17     4.42     0.022
   -9.46    14.82    38.33        -9.40    14.84    38.28     0.086
   16.96    14.72    62.83        16.96    14.72    62.84     0.011
    6.49    10.82   -11.43         6.50    10.76   -11.39     0.063
   25.27    15.16   -28.13        25.29    15.17   -28.16     0.037
    4.02   -13.50    -0.48         3.99   -13.65    -0.44     0.157
    4.32   -13.10     2.87         4.34   -12.95     2.84     0.154
  -39.59   -21.92   -20.96       -39.58   -21.91   -20.96     0.016
   17.94    23.78    16.13        17.99    23.91    16.16     0.144
   32.73    -6.26   -20.93        32.68    -6.23   -20.92     0.060
   -6.25     9.58    56.68        -6.35     9.61    56.68     0.104
   21.57    17.33    34.31        21.54    17.31    34.30     0.040
  -14.55   -18.58    -6.94       -14.55   -18.58    -6.95     0.009
   20.06    -6.24    18.84        20.06    -6.25    18.85     0.012
   17.31    26.26     6.97        17.32    26.29     6.98     0.035
   -7.00     7.29    56.97        -6.94     7.27    56.97     0.066
   -4.97    13.49    50.84        -4.96    13.48    50.83     0.018
   25.24   -11.13    -1.15        25.23   -11.03    -1.20     0.120
   14.77    -3.45    62.65        14.71    -3.40    62.57     0.114
   29.68     4.49    20.23        29.66     4.49    20.23     0.023
   26.43   -13.22   -15.89        26.45   -13.25   -15.89     0.036
   20.71    13.38    52.27        20.92    13.46    52.30     0.219
  -25.81    10.71   -31.54       -25.80    10.70   -31.53     0.015
  -24.38   -18.28    -6.40       -24.38   -18.28    -6.39     0.007
    4.23   -13.62    -0.12         4.23   -13.62    -0.12     0.006
  -32.77    -7.44    -8.39       -32.78    -7.43    -8.37     0.023
   15.94     2.53   -21.53        15.91     2.53   -21.61     0.086
   -3.59     1.01   -28.36        -3.54     1.03   -28.39     0.062
  -43.69   -11.45   -23.45       -43.70   -11.45   -23.45     0.011
   26.56    19.90    14.26        26.56    19.89    14.25     0.007
   -6.13     0.50    53.86        -6.15     0.50    53.86     0.017
    0.18    23.84    16.51         0.19    23.77    16.52     0.074
  -26.28   -32.20   -28.08       -26.27   -32.18   -28.08     0.012
   -3.38    24.23    20.94        -3.38    24.12    20.94     0.107
   19.06   -10.24   -21.07        19.03   -10.28   -21.09     0.053
   -1.26    23.26    31.68        -1.30    23.07    31.63     0.207
   15.39   -13.86     1.35        15.35   -13.74     1.30     0.128
   30.91     7.33    17.55        30.98     7.34    17.59     0.075
    0.93    24.21    17.26         0.97    24.01    17.26     0.202
   -8.02     1.69    28.77        -7.88     1.72    28.74     0.145
   11.46   -14.47     1.63        11.46   -14.45     1.62     0.030
   12.70    20.83    53.76        12.70    20.93    53.78     0.110
   -2.57    18.63    44.78        -2.49    18.48    44.72     0.185
    7.77    21.63    35.24         7.76    21.70    35.25     0.066
  -15.33    -8.75     0.45       -15.35    -8.76     0.47     0.042
  -22.13   -32.61   -31.17       -22.14   -32.55   -31.16     0.065
    6.46    -9.58   -23.31         6.48    -9.59   -23.34     0.036
  -24.17     7.87   -38.83       -24.18     7.90   -38.85     0.031
  -32.56   -26.82   -16.27       -32.59   -26.86   -16.23     0.063
   -6.90     6.13    60.30        -7.08     6.14    60.30     0.174
   -7.80    23.59    19.13        -7.79    23.51    19.19     0.100
  -23.88    -1.02   -47.21       -23.88    -1.02   -47.20     0.012
   -8.53    12.84    38.34        -8.69    12.76    38.45     0.215
   25.16    -6.33    12.61        25.15    -6.20    12.54     0.146
  -17.34   -29.08   -15.09       -17.35   -29.06   -15.10     0.025
    1.65    18.35    52.06         1.58    18.58    52.10     0.245
    1.90    18.20     3.27         1.93    18.18     3.29     0.047
   -9.61     5.93    27.03        -9.43     6.01    26.99     0.201
   24.70    -0.42   -28.15        24.69    -0.42   -28.15     0.008
   19.04    -9.17   -22.14        19.04    -9.19   -22.14     0.013
   20.33   -10.94     2.22        20.33   -10.93     2.22     0.006
  -20.95   -13.32    -5.02       -20.94   -13.29    -5.08     0.067
  -26.81    10.95   -29.03       -26.82    11.01   -29.05     0.063
   15.80     9.94   -20.43        15.80     9.94   -20.43     0.003
  -19.45    -3.67   -47.82       -19.47    -3.69   -47.77     0.056
  -38.67   -21.80   -18.03       -38.70   -21.83   -18.02     0.043
    6.35    22.29    -0.92         6.32    22.31    -0.94     0.039
   -9.14    -9.79     5.19        -9.13    -9.76     5.17     0.039
  -34.48     7.52   -27.26       -34.52     7.58   -27.27     0.072
    4.25    18.50    -1.20         4.27    18.49    -1.19     0.032
   -2.85     4.95   -23.13        -2.86     4.90   -23.09     0.071
   -1.65   -22.47   -26.99        -1.63   -22.48   -26.99     0.027
  -11.94   -14.24   -47.08       -11.95   -14.23   -47.04     0.045
    5.21    -5.97   -23.87         5.24    -5.96   -23.91     0.056
   11.19    -7.06    23.29        11.19    -7.10    23.30     0.044
   16.90     7.80   -23.65        16.77     7.78   -23.67     0.130
  -24.07     7.93   -38.80       -24.08     7.95   -38.81     0.021
   -0.65    -9.09    23.60        -0.65    -8.99    23.58     0.104
  -10.27   -27.50   -36.35       -10.26   -27.51   -36.36     0.013
   12.77    18.77    62.50        12.77    18.78    62.53     0.036
   -2.89    15.10    57.60        -2.90    15.10    57.60     0.006
   18.97    -3.56    40.09        18.93    -3.50    40.09     0.068
   -0.29    -2.71   -27.19        -0.33    -2.73   -27.13     0.068
  -41.82    -9.70   -16.93       -41.88    -9.71   -16.90     0.066
   21.88    10.19   -30.70        21.90    10.21   -30.66     0.044
   15.02    -6.72    20.77        15.04    -6.90    20.80     0.180
    9.09   -11.97   -20.55         9.06   -11.95   -20.51     0.051
  -11.47    24.18    27.59       -11.48    24.22    27.59     0.043
   11.14   -16.71    -4.70        11.17   -16.61    -4.73     0.106
   -0.47    16.82    58.77        -0.50    16.86    58.78     0.055
   -4.03     4.16   -25.84        -4.02     4.16   -25.84     0.010
  -23.00    -3.64    -6.80       -22.94    -3.68    -6.86     0.095
   17.94    26.34     6.20        17.94    26.31     6.20     0.035
  -32.81   -22.66   -41.35       -32.80   -22.66   -41.34     0.016
   20.38     3.99    62.15        20.35     4.00    62.13     0.036
   34.04    -4.95    -6.97        34.01    -4.92    -6.97     0.049
   21.98     2.86    50.76        21.96     2.87    50.76     0.026
   -2.21     7.92   -17.76        -2.21     7.88   -17.73     0.051
   -3.70   -13.51    -0.17        -3.70   -13.50    -0.18     0.013
  -38.85     3.60   -26.08       -38.83     3.59   -26.08     0.026
   12.31    16.96    63.11        12.31    16.96    63.10     0.010
   10.93   -12.83   -18.76        10.90   -12.77   -18.70     0.091
   -8.13     1.51   -39.60        -8.08     1.55   -39.64     0.074
   17.97    22.89    22.95        17.92    22.73    22.94     0.167
  -17.64     1.17   -45.70       -17.63     1.11   -45.63     0.097
   18.49    11.06    63.13        18.48    11.06    63.10     0.026
   21.65    -8.71   -23.77        21.67    -8.67   -23.73     0.064
   -0.97    14.35     0.93        -0.91    14.28     0.97     0.104
   22.09    10.30    51.90        22.07    10.30    51.90     0.016
  -29.72     4.40   -40.55       -29.71     4.39   -40.53     0.021
  -41.26   -17.82   -29.84       -41.30   -17.83   -29.87     0.050
   36.68     2.55   -15.79        36.74     2.55   -15.81     0.057
   21.63    14.10   -30.32        21.64    14.10   -30.33     0.009
   19.48   -11.30   -20.41        19.45   -11.34   -20.44     0.059
  -43.04   -12.42   -21.05       -43.10   -12.42   -21.03     0.068
   -1.10   -20.02   -33.00        -1.08   -20.03   -33.00     0.022
  -27.48   -27.44   -12.63       -27.46   -27.41   -12.64     0.039
   28.35    21.87   -13.28        28.42    21.97   -13.27     0.124
   37.98    11.34     6.17        37.99    11.35     6.17     0.016
   -2.90    -9.78    17.63        -2.87    -9.71    17.62     0.076
    0.28    20.39     8.12         0.28    20.38     8.12     0.002
   23.63     3.20    40.62        23.71     3.19    40.63     0.077
  -38.72     0.32   -35.57       -38.75     0.34   -35.58     0.036
   -3.62    13.24    61.99        -3.64    13.25    62.04     0.054
   35.28    13.68     8.46        35.33    13.72     8.49     0.070
   33.15     7.34   -24.34        33.12     7.33   -24.32     0.040
    7.81    18.57    -7.48         7.81    18.57    -7.48     0.006
   15.21     3.47    63.01        15.20     3.47    63.02     0.007
  -13.56   -25.04   -11.25       -13.59   -25.00   -11.30     0.069
  -14.75    12.16    22.28       -14.69    12.20    22.29     0.078
  -21.51    11.87   -30.73       -21.51    11.91   -30.74     0.039
  -19.00   -32.59   -28.84       -19.00   -32.61   -28.84     0.022
   18.84    19.69    39.32        18.75    19.63    39.31     0.107
   11.32    -6.56    28.06        11.33    -6.63    28.07     0.066
  -26.70   -25.74   -10.52       -26.70   -25.73   -10.53     0.023
   19.49    -8.63   -22.84        19.49    -8.63   -22.83     0.007
  -14.57   -25.94   -41.50       -14.57   -25.93   -41.48     0.013
  -15.60   -31.72   -23.30       -15.60   -31.72   -23.30     0.003
   28.87     6.50    21.79        29.04     6.52    21.85     0.179
    2.08    21.94     8.49         2.03    22.02     8.44     0.114
  -27.55   -21.15   -45.69       -27.54   -21.14   -45.68     0.017
    0.78    -6.59    42.45         0.70    -6.77    42.46     0.191
   20.42    14.72    48.25        20.58    14.84    48.27     0.200
  -10.07     9.42   -23.45       -10.17     9.26   -23.41     0.193
   22.32    21.67    18.93        22.29    21.61    18.92     0.075
   12.71    25.16    14.09        12.70    25.20    14.10     0.042
   -6.62     4.18   -30.53        -6.56     4.21   -30.56     0.074
   39.70     3.73     1.90        39.68     3.73     1.90     0.018
    1.39    -6.92    54.23         1.38    -6.93    54.23     0.013
   15.35   -14.55     0.19        15.29   -14.43     0.12     0.159
  -17.55    -7.90    -1.30       -17.56    -7.90    -1.29     0.011
   33.70    -6.83   -12.76        33.68    -6.81   -12.76     0.023
   -7.49   -25.41   -36.33        -7.43   -25.47   -36.38     0.100
   14.38    21.95    36.32        14.37    21.94    36.32     0.011
   21.54    -9.84     3.52        21.54    -9.83     3.52     0.011
   22.34   -15.05   -16.57        22.33   -15.03   -16.56     0.034
   26.03    -4.05    18.01        26.07    -4.13    18.04     0.098
    0.29     9.75   -10.76         0.28     9.84   -10.79     0.094
   13.96     0.95    63.00        13.96     0.96    63.01     0.013
   14.38    -5.88    39.43        14.36    -5.82    39.44     0.060
   29.04     6.75    22.06        28.94     6.73    22.02     0.108
  -27.54    -0.16   -45.28       -27.51    -0.18   -45.24     0.057
    0.53    -3.21   -26.55         0.54    -3.21   -26.56     0.015
   27.32    10.79    24.70        27.26    10.77    24.68     0.067
  -37.30   -17.79   -12.27       -37.30   -17.79   -12.27     0.004
  -33.56   -26.02   -16.35       -33.59   -26.05   -16.32     0.058
   -1.71    13.29     0.17        -1.66    13.22     0.20     0.086
  -10.11   -29.64   -28.59       -10.10   -29.65   -28.59     0.012
    6.23     9.81   -12.69         6.23     9.89   -12.74     0.099
   11.19    22.92    29.05        11.19    22.78    29.03     0.136
   29.92    -1.98    16.64        29.92    -1.99    16.65     0.015
   -8.17   -16.45    -5.33        -8.17   -16.43    -5.35     0.019
   29.20    -7.83   -23.24        29.24    -7.90   -23.28     0.091
  -36.30    -9.15    -8.54       -36.30    -9.14    -8.56     0.022
    1.47   -19.06   -16.19         1.44   -19.00   -16.20     0.063
