200 PA4-C-Debug-Output.txt
    3.41    19.50    48.65         3.41    19.49    48.65     0.005
   22.43     0.49    40.34        22.43     0.48    40.34     0.004
   -7.70     7.78   -21.21        -7.70     7.77   -21.21     0.004
   28.64     9.45    21.94        28.64     9.45    21.94     0.001
    7.64    -5.77    63.42         7.64    -5.77    63.42     0.003
  -10.24   -29.96   -26.29       -10.24   -29.96   -26.29     0.003
   22.30    19.85    24.72        22.30    19.85    24.72     0.002
   14.93   -14.17     0.86        14.93   -14.17     0.86     0.001
   15.34    25.37    12.12        15.34    25.37    12.12     0.002
  -38.42    -3.40   -39.46       -38.41    -3.39   -39.46     0.002
   -4.18   -25.88   -24.77        -4.19   -25.88   -24.77     0.002
   -8.14   -26.79   -35.10        -8.14   -26.80   -35.10     0.004
   23.87    17.82    24.92        23.87    17.82    24.92     0.003
  -12.90   -16.12    -5.09       -12.90   -16.13    -5.08     0.004
  -14.05   -28.38   -38.04       -14.05   -28.38   -38.04     0.002
    1.20   -11.73   -28.21         1.21   -11.73   -28.21     0.003
   17.89    18.03    49.14        17.89    18.02    49.14     0.004
   13.42    -9.72    10.93        13.41    -9.72    10.93     0.001
   33.54    16.70    -2.58        33.54    16.71    -2.58     0.006
  -31.24   -25.62   -13.59       -31.24   -25.63   -13.59     0.008
   18.67    15.08   -31.20        18.67    15.08   -31.20     0.003
   37.02     9.40     8.35        37.02     9.40     8.35     0.003
    8.23    20.64    53.68         8.23    20.64    53.68     0.003
   -7.35   -21.02   -41.24        -7.35   -21.02   -41.24     0.003
  -26.51   -18.12    -7.08       -26.51   -18.12    -7.08     0.002
   -0.80   -14.35   -35.50        -0.80   -14.35   -35.50     0.003
   10.97    -9.47    13.00        10.96    -9.47    13.00     0.002
   14.27    26.13    10.19        14.27    26.13    10.19     0.006
    8.30    22.99    -4.38         8.29    23.00    -4.38     0.011
    7.27     0.58    63.37         7.27     0.59    63.38     0.003
    4.28    23.58    23.51         4.28    23.57    23.51     0.005
  -39.91    -0.52   -17.72       -39.91    -0.52   -17.73     0.004
  -21.47   -11.22   -49.20       -21.47   -11.22   -49.20     0.000
   11.79    -7.11    22.75        11.79    -7.11    22.75     0.002
   -4.33    18.37    42.47        -4.33    18.37    42.47     0.002
    6.33   -15.02   -19.09         6.33   -15.01   -19.09     0.007
   20.91     3.91   -27.78        20.91     3.90   -27.78     0.002
  -18.42   -20.76    -7.35       -18.42   -20.76    -7.34     0.006
    6.41    -6.95    49.03         6.41    -6.96    49.03     0.005
   -0.87    19.83     8.96        -0.87    19.83     8.96     0.005
  -14.71   -23.59   -43.61       -14.71   -23.59   -43.61     0.002
    5.58    22.04    32.43         5.58    22.04    32.42     0.003
   27.24    22.28     7.69        27.25    22.29     7.69     0.006
   14.79    27.31     2.16        14.79    27.31     2.16     0.004
   27.32   -11.36    -7.44        27.31   -11.35    -7.44     0.005
  -39.80     1.94   -29.83       -39.80     1.94   -29.83     0.004
   18.15   -16.69   -13.35        18.15   -16.68   -13.34     0.013
  -32.29   -29.15   -30.59       -32.29   -29.15   -30.59     0.003
   -7.11    11.74    42.55        -7.11    11.74    42.55     0.005
  -26.79   -11.25   -48.29       -26.79   -11.25   -48.29     0.003
   -3.66    -3.95    50.98        -3.67    -3.96    50.98     0.008
    0.81   -16.38   -27.97         0.82   -16.38   -27.97     0.007
   -4.60   -25.47   -29.48        -4.60   -25.48   -29.48     0.005
   -2.85    -4.80    56.59        -2.86    -4.80    56.59     0.005
  -33.73   -14.49   -45.70       -33.73   -14.49   -45.70     0.001
   -9.35   -10.37   -46.53        -9.35   -10.37   -46.53     0.002
   -8.84   -20.44    -9.38        -8.84   -20.44    -9.38     0.004
   26.13    23.86    -2.95        26.14    23.85    -2.95     0.002
  -28.23   -31.30   -30.47       -28.24   -31.30   -30.47     0.005
   -2.65    -5.03    59.71        -2.65    -5.03    59.71     0.004
   33.48    15.32   -16.34        33.48    15.31   -16.34     0.003
   35.88     6.55    10.78        35.88     6.55    10.78     0.005
   11.28    23.83    22.03        11.28    23.84    22.03     0.007
    3.65   -12.18     6.34         3.65   -12.18     6.34     0.003
   36.31    11.52   -12.56        36.30    11.52   -12.56     0.006
    7.65   -16.04   -15.00         7.65   -16.04   -15.00     0.001
   11.58     8.50   -14.13        11.58     8.50   -14.13     0.003
  -13.07   -27.86   -38.45       -13.07   -27.86   -38.45     0.001
   36.32    13.97     0.23        36.32    13.97     0.23     0.003
   -9.21   -27.48   -35.08        -9.21   -27.48   -35.08     0.003
    2.36   -11.28    11.30         2.36   -11.28    11.31     0.002
  -11.54     4.08    17.10       -11.55     4.08    17.10     0.008
  -40.12   -10.72   -36.76       -40.12   -10.72   -36.76     0.006
    7.18     2.07    63.31         7.18     2.08    63.31     0.002
  -10.67    24.31    28.65       -10.66    24.30    28.65     0.006
   34.53     4.64   -21.89        34.53     4.64   -21.89     0.003
   17.43     7.27   -24.67        17.43     7.27   -24.67     0.004
  -25.99   -32.20   -28.93       -25.99   -32.19   -28.93     0.002
    5.49    19.48    56.53         5.49    19.47    56.53     0.005
   19.30   -11.25   -20.39        19.31   -11.25   -20.38     0.007
   27.32    22.81   -10.55        27.33    22.81   -10.55     0.005
   -4.06     0.15   -30.16        -4.06     0.15   -30.16     0.005
   -0.13    17.25    57.55        -0.13    17.25    57.55     0.004
   -5.15     8.82   -10.65        -5.15     8.83   -10.65     0.006
   18.84    -8.50    10.07        18.84    -8.50    10.07     0.006
   -7.78   -18.63    -7.67        -7.78   -18.63    -7.67     0.003
  -21.86    12.23   -28.52       -21.86    12.22   -28.52     0.010
    6.04   -14.55   -20.53         6.04   -14.55   -20.53     0.004
  -13.39    14.20    17.84       -13.39    14.20    17.84     0.002
   13.69    24.90    15.03        13.69    24.90    15.03     0.003
   -2.31   -14.83   -38.39        -2.31   -14.83   -38.39     0.003
  -19.11   -32.64   -28.37       -19.11   -32.64   -28.37     0.007
   23.89    11.30    37.98        23.89    11.30    37.98     0.004
   34.41     0.64    12.70        34.40     0.64    12.70     0.002
  -24.71     2.54   -44.21       -24.71     2.54   -44.21     0.002
   23.91   -10.99    -0.71        23.91   -10.99    -0.72     0.006
   37.63    -1.50     6.59        37.63    -1.50     6.59     0.007
   20.75    -8.77   -23.14        20.75    -8.76   -23.14     0.010
  -27.93   -31.21   -31.66       -27.93   -31.21   -31.66     0.002
   22.19   -13.84    -3.95        22.18   -13.83    -3.96     0.013
  -29.01   -21.96   -44.45       -29.01   -21.96   -44.45     0.001
   30.61    -8.50     0.17        30.60    -8.49     0.17     0.009
   29.75    21.14    -1.72        29.75    21.14    -1.72     0.002
   24.90    19.93    17.05        24.90    19.93    17.05     0.004
  -19.34   -18.83    -6.54       -19.34   -18.83    -6.54     0.004
  -20.68   -24.20   -44.43       -20.68   -24.20   -44.43     0.003
   29.34    21.03   -17.57        29.34    21.02   -17.57     0.003
  -11.66   -28.51   -17.40       -11.66   -28.51   -17.40     0.001
   -1.09   -21.74   -23.50        -1.09   -21.75   -23.50     0.006
   17.01   -17.62    -8.52        17.00   -17.61    -8.52     0.010
  -10.50     7.95   -13.29       -10.49     7.95   -13.29     0.002
   35.07    13.80     8.76        35.08    13.81     8.76     0.009
  -16.92   -17.88   -47.19       -16.92   -17.88   -47.19     0.001
  -29.14   -27.38   -13.91       -29.14   -27.38   -13.91     0.003
   22.63    18.10    28.22        22.63    18.10    28.22     0.006
   19.09     7.25   -26.79        19.09     7.25   -26.79     0.002
   -5.03    -2.33    61.58        -5.04    -2.33    61.58     0.003
   20.29   -12.11     0.25        20.28   -12.11     0.24     0.009
   11.92   -16.00    -2.01        11.92   -15.99    -2.01     0.004
   29.77    19.66   -19.82        29.77    19.65   -19.82     0.003
    4.92    23.31    25.52         4.92    23.30    25.52     0.005
    4.42    21.10     1.29         4.42    21.10     1.29     0.005
    8.73    -7.09    55.70         8.73    -7.09    55.70     0.003
   18.00   -15.00   -16.42        18.00   -14.99   -16.42     0.011
  -28.25   -17.71    -7.29       -28.25   -17.71    -7.29     0.002
   27.82     4.42    25.17        27.81     4.42    25.17     0.003
   -3.50    -9.06    20.69        -3.50    -9.06    20.69     0.006
   31.94     8.71    15.55        31.94     8.71    15.55     0.002
   -5.06     2.82    62.98        -5.07     2.82    62.98     0.005
  -32.58     7.31   -19.09       -32.57     7.31   -19.09     0.004
   18.02    -0.30    61.99        18.02    -0.31    61.99     0.004
   -8.89    10.41     8.69        -8.89    10.41     8.69     0.001
  -12.07   -16.51    -5.58       -12.07   -16.51    -5.58     0.002
   31.08    16.44    11.69        31.09    16.44    11.69     0.003
   -1.44    21.38    37.53        -1.44    21.37    37.53     0.004
    7.91    24.30    18.90         7.92    24.30    18.90     0.003
   13.95    17.17   -30.30        13.96    17.17   -30.29     0.004
   13.53    -5.98    45.44        13.53    -5.98    45.44     0.003
   33.94    16.99     4.02        33.94    16.99     4.02     0.005
   -3.16    -4.92    44.65        -3.16    -4.93    44.65     0.004
    5.17    -7.27    32.29         5.17    -7.27    32.29     0.002
   -4.19    22.63    34.43        -4.19    22.62    34.43     0.003
    8.17    22.00    33.70         8.17    22.00    33.70     0.003
    4.67   -17.18   -15.97         4.67   -17.18   -15.97     0.004
  -39.46   -13.68   -13.66       -39.46   -13.68   -13.65     0.003
    0.99    11.48    63.28         0.99    11.48    63.28     0.003
   12.15    25.44    -6.88        12.14    25.45    -6.88     0.011
   -0.13     8.22   -16.11        -0.13     8.22   -16.11     0.002
  -35.92    -8.50   -43.97       -35.92    -8.50   -43.97     0.003
   30.08    20.61   -16.03        30.08    20.61   -16.03     0.003
    0.66    -9.99   -28.96         0.66    -9.99   -28.97     0.002
    8.70    20.59    -7.95         8.69    20.60    -7.96     0.013
  -40.04   -11.23   -37.20       -40.04   -11.23   -37.20     0.005
   19.36    17.80    42.93        19.36    17.81    42.93     0.005
   25.48     4.60   -30.01        25.48     4.60   -30.00     0.005
   25.29    -6.75    11.09        25.29    -6.74    11.09     0.014
  -32.34   -25.23   -39.11       -32.35   -25.23   -39.11     0.003
   15.98    22.26    30.80        15.98    22.26    30.79     0.002
  -37.24   -25.45   -28.30       -37.24   -25.45   -28.30     0.002
  -40.27     1.44   -23.82       -40.27     1.44   -23.82     0.002
    6.61    -3.58    63.40         6.61    -3.57    63.40     0.002
    1.38   -10.92   -27.83         1.38   -10.92   -27.83     0.001
   -6.23    10.94    48.21        -6.23    10.94    48.21     0.002
  -11.61   -19.84   -45.04       -11.60   -19.85   -45.04     0.005
  -10.96    -6.12     8.84       -10.97    -6.12     8.84     0.004
  -25.11     4.44   -13.92       -25.11     4.44   -13.91     0.002
   24.58    15.58    26.61        24.58    15.58    26.61     0.001
   37.85    10.52    -7.19        37.86    10.52    -7.19     0.003
   -0.11    -6.58    38.26        -0.11    -6.59    38.26     0.006
  -30.66   -26.14   -13.87       -30.67   -26.14   -13.87     0.009
  -23.96     9.08   -17.73       -23.96     9.08   -17.73     0.004
  -25.12    -1.25   -46.92       -25.12    -1.25   -46.92     0.003
   39.87     2.74    -1.09        39.86     2.75    -1.09     0.011
  -22.06   -10.64   -48.94       -22.06   -10.64   -48.94     0.004
    3.06   -16.47   -22.28         3.07   -16.47   -22.28     0.005
   -2.75    20.25    39.96        -2.74    20.25    39.95     0.005
   23.78     1.61    37.43        23.77     1.61    37.43     0.001
   -6.61    11.30    44.56        -6.61    11.30    44.55     0.002
   -0.65   -18.37   -33.91        -0.64   -18.37   -33.91     0.003
   25.42    13.88   -28.81        25.43    13.88   -28.81     0.006
   18.98   -17.27    -9.04        18.97   -17.27    -9.04     0.005
   15.59   -17.30    -5.97        15.58   -17.30    -5.97     0.002
  -36.94   -25.76   -28.19       -36.94   -25.76   -28.19     0.002
   -0.09   -19.92   -26.42        -0.09   -19.92   -26.42     0.006
   30.02    -9.14    -1.40        30.01    -9.13    -1.40     0.010
   -4.61    -5.13   -40.53        -4.61    -5.13   -40.53     0.001
   23.62    24.70    -8.26        23.63    24.70    -8.26     0.007
   23.11    12.21    41.67        23.11    12.21    41.67     0.001
   36.87    13.03     6.68        36.88    13.04     6.68     0.008
   31.03    19.73     5.37        31.03    19.73     5.37     0.004
  -34.38    -1.09   -42.45       -34.37    -1.09   -42.45     0.008
   30.01    13.88    15.44        30.01    13.87    15.44     0.002
  -17.59   -32.35   -29.34       -17.59   -32.35   -29.34     0.007
    7.71    18.43    -7.32         7.71    18.43    -7.32     0.006
   -6.20   -25.38   -33.95        -6.19   -25.38   -33.95     0.003
   22.03    -0.67   -26.06        22.03    -0.67   -26.05     0.005
    0.81    -9.02    23.49         0.81    -9.03    23.49     0.006
   22.23    11.41    48.63        22.23    11.41    48.63     0.003
    3.85    19.72    47.45         3.85    19.72    47.45     0.006
   -0.11    17.09    59.02        -0.10    17.08    59.02     0.007
