200 PA4-J-Unknown-Output.txt
   -8.48     6.63    30.79        -8.48     6.63    30.79     0.003
   18.34    25.34   -21.46        18.33    25.43   -21.48     0.096
    8.12    -8.42    18.00         8.14    -8.50    18.02     0.080
   11.48    22.85    28.72        11.48    22.84    28.71     0.006
   -6.05     0.84    51.79        -6.23     0.78    51.79     0.191
   12.00    24.88    15.12        12.00    24.90    15.12     0.019
  -36.08   -24.15   -16.98       -36.09   -24.15   -16.98     0.006
  -28.77   -19.93    -7.27       -28.76   -19.92    -7.29     0.022
   -7.83   -12.99    -0.07        -7.83   -13.01    -0.06     0.025
  -20.36     9.04   -18.06       -20.35     9.06   -18.04     0.037
   20.23    25.89    -8.41        20.24    25.92    -8.42     0.035
  -21.50     3.29   -43.74       -21.50     3.31   -43.76     0.034
   37.01    -2.25     7.06        36.99    -2.24     7.06     0.024
  -18.66   -19.87   -46.83       -18.64   -19.91   -46.94     0.112
    0.64    18.76    49.20         0.64    18.78    49.21     0.013
  -42.17    -8.09   -31.19       -42.18    -8.10   -31.20     0.019
   20.03    11.23    62.30        20.21    11.29    62.36     0.197
   29.24     5.72    21.14        29.36     5.71    21.19     0.124
    5.73   -16.75   -13.06         5.69   -16.67   -13.06     0.092
    9.04    -6.50    42.16         9.05    -6.60    42.16     0.105
   21.31     4.61   -28.60        21.31     4.61   -28.60     0.003
   12.01    26.24    -3.73        12.03    26.21    -3.72     0.037
  -16.11    15.67    30.27       -16.01    15.67    30.24     0.098
    0.16    20.33     8.32         0.14    20.36     8.30     0.039
    5.93    23.64     3.86         5.90    23.68     3.85     0.062
    6.51    20.49    47.85         6.53    20.39    47.86     0.099
   -5.13     8.62    62.54        -5.11     8.60    62.50     0.046
  -19.14   -11.61    -3.64       -19.13   -11.59    -3.68     0.045
    9.33    20.83    45.72         9.31    20.90    45.73     0.078
   23.43     9.74    44.22        23.34     9.73    44.21     0.091
  -13.79    -2.96   -46.82       -13.78    -2.95   -46.85     0.026
  -39.90   -15.87   -34.43       -39.87   -15.87   -34.42     0.035
   18.80    25.50   -20.02        18.80    25.47   -20.02     0.027
   -8.35     8.11   -23.98        -8.36     8.09   -23.98     0.019
   15.75    23.44   -27.23        15.76    23.40   -27.20     0.043
   32.56    15.93    10.11        32.60    15.95    10.13     0.049
   -4.16    -0.98   -32.09        -4.24    -1.02   -32.09     0.085
   -4.48    13.82    53.54        -4.44    13.79    53.53     0.048
   26.05    -2.55   -27.41        26.06    -2.53   -27.38     0.041
   20.82    21.45    23.09        20.80    21.41    23.08     0.040
   32.59     6.60   -25.36        32.54     6.60   -25.32     0.065
   29.59    12.79    17.54        29.50    12.77    17.49     0.108
   -4.53   -18.46   -39.63        -4.58   -18.44   -39.59     0.061
   17.58    24.76    11.96        17.63    24.92    12.00     0.165
   25.59    16.62    22.33        25.46    16.55    22.29     0.157
   14.60    23.05    25.26        14.61    23.12    25.26     0.073
  -12.66   -29.41   -35.02       -12.64   -29.47   -35.05     0.076
  -40.12   -17.13   -32.61       -40.14   -17.13   -32.62     0.031
   -9.42   -28.11   -34.37        -9.46   -28.05   -34.34     0.079
    4.40    24.27    12.19         4.38    24.33    12.19     0.068
  -21.83    12.13   -25.42       -21.83    12.14   -25.42     0.012
  -16.58   -27.57   -40.19       -16.57   -27.60   -40.20     0.030
  -27.19   -28.63   -14.81       -27.19   -28.64   -14.81     0.011
  -21.91   -22.02   -45.86       -21.91   -22.03   -45.87     0.011
  -20.07    11.22   -20.17       -20.07    11.22   -20.17     0.003
    4.03   -14.38    -2.18         4.03   -14.30    -2.21     0.084
   -0.89    -6.15   -29.66        -0.86    -6.15   -29.68     0.030
   23.73    13.46    35.63        23.58    13.38    35.59     0.173
    2.34    18.85     3.32         2.34    18.85     3.32     0.004
   34.99     1.52    11.94        35.10     1.50    12.04     0.146
  -40.42     0.68   -22.67       -40.45     0.70   -22.66     0.033
   12.57    22.96    28.58        12.57    22.87    28.57     0.089
  -15.15   -31.40   -31.68       -15.17   -31.34   -31.66     0.069
  -35.83    -3.25   -42.39       -35.81    -3.26   -42.37     0.027
   33.56    -5.37    -7.29        33.56    -5.37    -7.29     0.002
   30.99    20.05    -2.51        30.99    20.04    -2.51     0.003
    3.41    21.70     4.51         3.43    21.69     4.52     0.022
  -17.87    10.47   -35.61       -17.86    10.51   -35.63     0.046
   -6.32     3.40   -31.91        -6.41     3.37   -31.91     0.102
  -13.05    11.10    29.43       -13.03    11.12    29.42     0.032
   -9.46   -26.17   -15.68        -9.45   -26.18   -15.68     0.015
   32.79     4.13    14.95        32.83     4.13    14.98     0.049
    7.45    11.91   -10.20         7.46    11.87   -10.17     0.058
   14.81    -7.64    16.89        14.80    -7.50    16.87     0.137
   20.43    -1.60    44.00        20.60    -1.78    44.04     0.250
   17.13    -3.94    52.02        17.04    -3.85    52.00     0.128
  -11.95    11.18    16.08       -11.90    11.16    16.12     0.068
   -7.35     6.24   -27.43        -7.42     6.15   -27.41     0.122
  -40.52    -3.19   -35.02       -40.56    -3.18   -35.04     0.038
    0.09    -6.32    45.70         0.07    -6.36    45.70     0.041
   18.69    23.10   -26.38        18.69    23.11   -26.38     0.008
   20.30   -16.12   -14.89        20.31   -16.14   -14.90     0.029
  -28.17     6.35   -15.12       -28.18     6.33   -15.16     0.047
  -27.26   -31.65   -31.42       -27.22   -31.55   -31.41     0.104
  -39.47   -22.06   -20.03       -39.39   -22.00   -20.05     0.099
  -25.30    11.34   -29.98       -25.28    11.28   -29.97     0.065
   -0.55   -14.89   -34.95        -0.48   -14.88   -34.96     0.070
   32.41    13.59   -22.01        32.36    13.55   -21.98     0.069
    2.82    18.27    59.33         2.79    18.36    59.33     0.093
    2.82    23.50    26.15         2.82    23.49    26.15     0.011
   -6.82   -22.79   -13.60        -6.81   -22.80   -13.59     0.022
  -30.02     2.29   -42.13       -30.03     2.30   -42.14     0.013
  -10.83     6.13    21.92       -10.77     6.15    21.90     0.064
  -38.38   -12.51   -41.75       -38.25   -12.52   -41.68     0.144
   -5.71   -24.66   -34.43        -5.67   -24.70   -34.45     0.058
   19.01    12.86    62.45        19.00    12.86    62.45     0.005
   -0.55    -7.91    27.86        -0.56    -7.99    27.88     0.081
   -4.72     2.87   -28.02        -4.67     2.91   -28.08     0.089
   26.04    23.44     4.74        26.02    23.40     4.74     0.049
  -28.34    -3.57   -10.00       -28.34    -3.54    -9.96     0.047
   29.93     7.42    19.40        29.97     7.43    19.42     0.049
   13.10     7.70    62.96        13.09     7.70    63.01     0.053
   -6.93     3.65    38.89        -6.84     3.66    38.89     0.086
   26.67    -8.11     7.02        26.66    -7.94     6.96     0.171
   17.95    25.61   -15.34        17.96    25.47   -15.34     0.138
   37.28    -1.47    -3.90        37.26    -1.45    -3.90     0.026
  -22.78   -32.50   -22.75       -22.78   -32.44   -22.76     0.060
   -0.61    20.00     9.14        -0.69    20.08     9.08     0.133
    2.38   -18.24   -17.37         2.39   -18.26   -17.37     0.022
   21.92    -5.05    21.72        22.01    -5.22    21.76     0.191
   -4.76    -3.04    44.67        -4.77    -3.04    44.67     0.012
    0.86   -16.88    -7.41         0.85   -16.81    -7.45     0.087
   26.65    22.72   -18.48        26.66    22.75   -18.49     0.029
    7.46   -10.84   -22.46         7.40   -10.80   -22.35     0.129
   15.67    20.70    46.79        15.67    20.70    46.79     0.001
    6.40    -7.02    40.39         6.38    -6.86    40.38     0.161
   -9.58     7.62   -31.44        -9.50     7.69   -31.45     0.099
  -22.60   -10.83   -49.05       -22.61   -10.82   -49.03     0.028
   -8.96   -23.14   -12.16        -8.96   -23.14   -12.16     0.008
   21.90   -10.48     2.08        21.88   -10.42     2.04     0.070
   29.51     0.19    18.73        29.50     0.19    18.73     0.010
  -39.70    -7.01   -39.12       -39.65    -7.03   -39.09     0.057
  -27.64    11.00   -27.61       -27.66    11.04   -27.62     0.045
  -26.55     2.80   -13.29       -26.55     2.80   -13.30     0.007
  -17.93    -0.99   -47.00       -17.93    -1.02   -46.93     0.071
  -15.81    15.52    20.71       -15.93    15.49    20.62     0.152
  -29.20     4.81   -14.16       -29.20     4.81   -14.18     0.019
   -0.12    21.84    35.15        -0.13    21.79    35.13     0.050
  -15.31    20.70    27.05       -15.41    20.78    27.08     0.131
  -18.87    -6.04   -48.41       -18.87    -6.04   -48.41     0.003
    1.71   -18.02   -23.28         1.72   -18.02   -23.28     0.011
   -0.70   -21.23   -24.06        -0.65   -21.29   -24.06     0.077
  -35.14   -14.53   -44.63       -35.10   -14.50   -44.58     0.063
    0.91   -16.84    -7.65         0.92   -16.89    -7.63     0.056
    5.42   -10.63    13.07         5.43   -10.67    13.09     0.048
   26.88    10.76    25.65        26.97    10.79    25.67     0.096
  -32.71   -17.76    -8.71       -32.69   -17.75    -8.76     0.050
   23.64   -10.76     0.06        23.63   -10.72     0.04     0.048
   -1.38    -6.86    33.29        -1.41    -6.93    33.29     0.083
   -0.66   -21.34   -23.16        -0.66   -21.34   -23.16     0.003
    6.41    22.89    27.56         6.41    23.00    27.57     0.110
    7.53     1.60    63.26         7.54     1.60    63.31     0.054
   21.47    24.84   -22.37        21.39    24.66   -22.34     0.197
  -41.91   -18.38   -28.47       -41.97   -18.40   -28.50     0.067
   -6.15    22.17    36.17        -6.16    22.03    36.07     0.172
   -2.75    18.93    10.11        -2.75    18.93    10.11     0.004
  -20.34   -27.05   -11.42       -20.34   -27.06   -11.41     0.017
    0.71     6.96    63.46         0.71     6.96    63.44     0.017
  -32.78   -29.24   -28.34       -32.71   -29.14   -28.33     0.120
  -10.62   -26.94   -37.95       -10.67   -26.87   -37.91     0.084
   -7.51     8.38   -14.40        -7.50     8.23   -14.41     0.147
   35.55     9.80   -17.68        35.53     9.79   -17.68     0.024
   -9.11   -10.48     3.81        -9.10   -10.45     3.80     0.027
   25.49     0.75    29.13        25.44     0.78    29.12     0.061
   -6.82   -26.57   -32.73        -6.82   -26.56   -32.73     0.001
   35.01    15.47   -11.62        34.92    15.41   -11.60     0.112
  -12.58     2.36    10.59       -12.62     2.36    10.60     0.042
   -6.46     9.18    50.92        -6.46     9.18    50.92     0.002
   32.85    -6.16     0.44        32.97    -6.30     0.44     0.179
   16.30    19.19    50.19        16.41    19.31    50.20     0.155
   21.83    14.15    43.15        21.86    14.17    43.16     0.034
  -34.08   -12.72   -46.06       -34.08   -12.72   -46.07     0.003
  -24.94   -32.39   -30.39       -24.93   -32.37   -30.38     0.028
  -22.54     1.20   -45.56       -22.54     1.18   -45.53     0.031
  -18.54    -2.89   -47.34       -18.54    -2.89   -47.35     0.008
   32.43     0.51   -24.84        32.46     0.51   -24.86     0.036
   31.43    19.50    -2.76        31.38    19.46    -2.76     0.056
   23.21    13.08    38.86        23.16    13.05    38.85     0.059
   20.54    14.12    51.13        20.65    14.20    51.15     0.137
   25.99     4.04    31.20        25.99     4.04    31.20     0.005
   15.47    -6.81   -22.12        15.46    -6.83   -22.24     0.125
   36.70    -2.50    -7.69        36.69    -2.49    -7.69     0.007
  -19.04     6.23   -14.36       -19.06     6.27   -14.33     0.049
   14.56    21.90    36.11        14.56    21.92    36.11     0.020
   11.70    20.37    59.95        11.70    20.34    59.95     0.025
  -15.20     1.96   -44.43       -15.20     1.95   -44.42     0.008
   23.75   -10.41     0.62        23.75   -10.41     0.62     0.004
  -42.15   -15.60   -29.17       -42.14   -15.61   -29.16     0.019
  -15.15    13.22    29.92       -15.17    13.20    29.93     0.031
  -19.18   -11.74    -3.91       -19.20   -11.80    -3.82     0.104
   -3.44    -9.30    17.94        -3.48    -9.44    17.96     0.143
  -34.63   -17.89   -43.21       -34.64   -17.90   -43.22     0.012
  -13.30   -25.27   -11.57       -13.32   -25.25   -11.60     0.048
   25.65    12.33    28.68        25.65    12.33    28.68     0.004
   12.50   -16.14    -2.40        12.47   -16.25    -2.36     0.120
  -15.70   -27.00   -40.83       -15.72   -26.97   -40.80     0.045
   -9.66    -3.90    15.46        -9.60    -3.87    15.45     0.069
  -38.62    -9.71   -41.40       -38.62    -9.71   -41.40     0.005
  -17.67    12.06   -25.42       -17.67    12.03   -25.43     0.033
    8.89   -15.96   -12.49         8.91   -16.03   -12.49     0.070
   18.26    -5.20    31.75        18.24    -5.15    31.75     0.055
   15.50    21.70    36.80        15.49    21.68    36.80     0.022
   10.64    10.28    63.13        10.64    10.28    63.16     0.028
   18.46    25.46   -14.77        18.45    25.52   -14.78     0.061
  -10.47    11.36    13.92       -10.47    11.36    13.92     0.008
   21.28   -15.68    -5.25        21.16   -15.51    -5.32     0.219
   -3.80    24.39    23.81        -3.78    24.47    23.80     0.080
  -19.37     6.99   -15.24       -19.35     6.96   -15.27     0.041
  -14.42     6.67   -40.05       -14.42     6.67   -40.05     0.002
   18.31    20.92    36.29        18.31    20.93    36.29     0.008
