200 PA4-D-Debug-Output.txt
  -24.62   -31.26   -18.28       -24.62   -31.26   -18.28     0.001
  -15.33   -17.53    -5.68       -15.33   -17.53    -5.68     0.001
   18.72    26.66     4.20        18.72    26.66     4.20     0.001
   -8.17   -26.40   -17.05        -8.17   -26.40   -17.06     0.001
  -27.11   -11.17    -6.00       -27.11   -11.17    -6.00     0.001
   20.98    23.13    17.78        20.98    23.13    17.78     0.001
  -11.06   -12.19    -0.30       -11.06   -12.19    -0.30     0.001
   15.96    26.96    -4.22        15.96    26.96    -4.22     0.000
  -11.70   -13.34    -2.03       -11.70   -13.33    -2.02     0.018
  -34.08     1.91   -39.80       -34.08     1.91   -39.80     0.001
   27.63    -1.31    20.58        27.63    -1.31    20.58     0.001
   -2.30    18.93     9.07        -2.30    18.93     9.07     0.001
   -8.80    19.16    38.55        -8.80    19.16    38.55     0.002
  -34.55    -1.70   -10.80       -34.55    -1.70   -10.80     0.001
  -13.17   -23.03    -9.63       -13.17   -23.03    -9.63     0.001
   -7.13    13.63    41.92        -7.12    13.62    41.92     0.002
   15.01    23.07    39.90        15.01    23.07    39.90     0.002
  -16.76    -0.31     0.87       -16.76    -0.32     0.87     0.001
   19.93    -6.48   -23.46        19.93    -6.48   -23.46     0.001
   25.73    -5.80    13.05        25.73    -5.80    13.05     0.001
    2.59     8.69   -14.81         2.59     8.70   -14.80     0.017
  -25.82     1.01   -12.19       -25.82     1.01   -12.19     0.001
   -1.19    18.96    51.71        -1.19    18.95    51.71     0.002
    4.48    -4.03    63.45         4.48    -4.03    63.45     0.002
   -9.00   -21.09   -42.38        -9.00   -21.09   -42.38     0.001
   15.26    25.77    12.27        15.26    25.77    12.27     0.001
   13.53    11.26   -13.79        13.53    11.26   -13.79     0.000
   -6.88     6.85    47.92        -6.89     6.88    47.92     0.028
    0.84   -11.70     5.04         0.84   -11.70     5.04     0.001
  -12.17   -27.35   -37.99       -12.17   -27.35   -37.99     0.001
   -6.32    -8.02    13.34        -6.32    -8.02    13.34     0.001
   16.73    27.14     3.19        16.73    27.13     3.19     0.001
   -4.58     0.16    63.20        -4.60     0.19    63.18     0.043
   36.42    -0.87    10.30        36.42    -0.88    10.30     0.001
    4.71    -6.62    27.22         4.71    -6.62    27.22     0.001
   14.09    23.66   -13.02        14.09    23.66   -13.02     0.000
    0.62    17.72     3.97         0.62    17.72     3.97     0.001
   -8.48     5.41    27.87        -8.48     5.41    27.87     0.001
   -0.39     8.38   -15.84        -0.39     8.38   -15.84     0.000
  -31.23   -27.43   -36.44       -31.23   -27.43   -36.44     0.001
   21.60    -5.11    20.33        21.60    -5.11    20.33     0.001
   -7.70    -4.61    20.84        -7.70    -4.61    20.84     0.001
   26.94    -9.70     2.39        26.94    -9.70     2.39     0.001
   -6.22    19.71    12.91        -6.22    19.71    12.91     0.001
   35.38    -4.22     6.57        35.38    -4.22     6.57     0.001
    5.88   -15.14   -19.42         5.88   -15.14   -19.42     0.001
   12.99   -14.39     2.15        12.99   -14.39     2.15     0.001
    1.81    -6.95    27.75         1.81    -6.95    27.75     0.002
   14.27    24.44   -11.28        14.27    24.44   -11.28     0.000
  -14.45   -30.66   -20.31       -14.44   -30.66   -20.30     0.017
    7.71    18.12    -6.96         7.71    18.12    -6.96     0.000
   39.16     2.04     6.89        39.16     2.04     6.88     0.001
  -37.70   -11.46   -42.02       -37.70   -11.46   -42.02     0.000
  -15.98     3.68   -43.07       -15.98     3.68   -43.07     0.001
   18.20    25.30   -13.29        18.20    25.30   -13.29     0.000
  -18.72   -25.39    -9.95       -18.72   -25.39    -9.95     0.001
  -23.07   -25.15    -9.49       -23.07   -25.15    -9.49     0.001
  -12.95   -15.09    -3.96       -12.95   -15.09    -3.96     0.001
   33.28    -6.90   -18.40        33.28    -6.90   -18.40     0.001
   -6.91     6.35    51.04        -6.91     6.34    51.04     0.002
   15.10    19.27   -30.53        15.09    19.27   -30.53     0.001
  -25.44    11.52   -22.79       -25.44    11.52   -22.79     0.001
  -35.83     2.56   -37.43       -35.83     2.56   -37.43     0.000
  -38.78     0.75   -34.63       -38.78     0.75   -34.63     0.000
   -2.40    17.57     8.01        -2.40    17.57     8.01     0.001
  -35.76   -18.14   -10.55       -35.76   -18.14   -10.55     0.001
   -0.37     9.86   -10.94        -0.37     9.86   -10.94     0.000
   27.58   -11.18   -20.49        27.58   -11.18   -20.50     0.001
   25.06   -11.13    -0.65        25.06   -11.13    -0.65     0.001
  -42.51    -3.66   -30.33       -42.51    -3.66   -30.33     0.000
   -8.89   -20.89   -42.46        -8.89   -20.89   -42.46     0.001
   26.27    23.19   -13.31        26.27    23.19   -13.31     0.000
    8.24    24.92     1.56         8.24    24.92     1.56     0.001
   -7.54     5.60   -30.60        -7.54     5.60   -30.61     0.000
  -38.88    -1.74   -37.35       -38.88    -1.74   -37.35     0.000
    0.43    -2.05   -25.79         0.43    -2.05   -25.79     0.000
   20.83   -17.08    -9.22        20.83   -17.08    -9.22     0.001
   16.25     9.24   -20.75        16.25     9.24   -20.75     0.000
  -38.56    -9.76   -11.33       -38.56    -9.76   -11.33     0.001
   31.69     0.33    15.92        31.69     0.33    15.92     0.001
  -12.30     5.42    11.84       -12.30     5.42    11.84     0.001
   32.57    -6.27     7.36        32.57    -6.27     7.36     0.001
  -14.15    22.15    21.27       -14.15    22.15    21.27     0.001
   -1.57    12.52    -2.20        -1.57    12.52    -2.20     0.001
   -5.11   -26.28   -27.69        -5.11   -26.28   -27.69     0.001
  -28.38     0.18   -44.22       -28.38     0.18   -44.22     0.001
  -34.40   -11.98   -45.48       -34.40   -11.98   -45.48     0.001
   29.78    15.04    15.26        29.78    15.04    15.26     0.001
  -39.03   -11.95   -40.11       -39.03   -11.95   -40.11     0.000
  -22.82   -25.16    -9.44       -22.82   -25.16    -9.44     0.001
  -14.13   -15.45   -47.34       -14.13   -15.45   -47.34     0.001
  -14.32     0.99   -44.47       -14.32     0.99   -44.47     0.001
   19.64   -10.06     4.91        19.64   -10.05     4.93     0.023
    6.58    -3.67    63.77         6.58    -3.67    63.77     0.002
   31.51    11.63    15.12        31.51    11.63    15.12     0.001
   -6.77    -4.09    25.14        -6.77    -4.09    25.14     0.001
   -9.59   -27.58   -17.23        -9.59   -27.57   -17.22     0.016
  -39.25     2.42   -30.44       -39.25     2.42   -30.44     0.000
   -9.87    13.13    13.48        -9.87    13.13    13.48     0.001
   13.82   -16.54   -10.89        13.82   -16.54   -10.89     0.001
   -6.49    10.35     1.42        -6.49    10.35     1.42     0.001
  -25.77   -14.32    -6.01       -25.77   -14.32    -6.01     0.001
   35.73    -3.14    -1.12        35.73    -3.14    -1.12     0.001
   -8.15     8.90    33.63        -8.15     8.90    33.63     0.002
    1.42     2.82    63.59         1.42     2.82    63.59     0.002
  -39.93   -15.64   -34.15       -39.92   -15.64   -34.15     0.006
   -7.49     7.83   -21.56        -7.49     7.83   -21.56     0.000
   21.79    13.83    49.79        21.79    13.83    49.79     0.002
   21.75    19.06    32.64        21.75    19.06    32.64     0.001
  -13.64    23.30    21.80       -13.64    23.29    21.80     0.001
  -25.98    11.83   -26.09       -25.98    11.83   -26.09     0.001
   18.94    21.98    32.88        18.94    21.98    32.88     0.001
   -8.50   -13.93   -44.76        -8.50   -13.93   -44.76     0.001
   30.67     0.51    17.45        30.67     0.51    17.45     0.001
    0.04    -0.51   -24.93         0.04    -0.51   -24.93     0.000
   -8.81     5.55   -35.34        -8.81     5.55   -35.34     0.001
   36.90    13.16     6.85        36.90    13.16     6.85     0.001
   -3.52    -8.59    17.89        -3.52    -8.59    17.89     0.001
  -41.21    -1.86   -17.97       -41.21    -1.86   -17.97     0.001
   23.17     8.06   -30.18        23.17     8.06   -30.18     0.001
  -18.09   -31.96   -31.47       -18.09   -31.96   -31.47     0.001
  -26.76   -13.19    -5.86       -26.76   -13.19    -5.86     0.001
    2.06    20.22    56.42         2.06    20.22    56.42     0.002
   23.78    14.55   -29.20        23.78    14.55   -29.20     0.001
   -9.22    -0.68    20.25        -9.22    -0.68    20.25     0.001
  -33.15     1.27   -41.04       -33.15     1.27   -41.04     0.001
   15.08    -2.87    57.74        15.08    -2.87    57.74     0.002
   22.36    17.88    32.93        22.36    17.88    32.93     0.001
    8.41    22.74    38.81         8.41    22.73    38.81     0.002
  -18.23   -26.63   -11.28       -18.23   -26.63   -11.28     0.001
    6.72    -8.39    17.57         6.72    -8.39    17.57     0.001
   21.71     5.45    53.37        21.71     5.45    53.37     0.002
    8.12   -13.46   -19.24         8.12   -13.46   -19.24     0.001
  -22.56     7.32   -39.80       -22.56     7.32   -39.80     0.001
  -38.42    -0.71   -37.31       -38.42    -0.71   -37.31     0.000
   -3.66    -1.98    59.64        -3.66    -1.99    59.64     0.002
   10.36    -5.12    37.47        10.36    -5.13    37.47     0.002
  -32.51     3.81   -38.85       -32.51     3.81   -38.85     0.001
   -8.94    23.81    33.96        -8.94    23.81    33.96     0.002
   27.72   -12.85   -15.52        27.72   -12.85   -15.52     0.001
  -40.34   -20.35   -30.69       -40.34   -20.35   -30.69     0.000
   12.47   -13.80   -16.30        12.47   -13.80   -16.30     0.001
  -14.94    -3.01     4.52       -14.94    -3.02     4.52     0.001
    2.07    21.19    45.38         2.07    21.19    45.38     0.002
   14.49    -4.93    32.15        14.50    -4.93    32.15     0.002
  -32.08    -9.67   -46.38       -32.08    -9.67   -46.38     0.001
   28.35   -12.06   -17.83        28.35   -12.06   -17.83     0.001
   31.09    20.31    -1.38        31.09    20.31    -1.38     0.000
   38.66     5.40     8.05        38.66     5.40     8.05     0.001
   17.38    23.58   -26.26        17.38    23.58   -26.26     0.001
   16.77   -11.80     4.48        16.77   -11.79     4.50     0.024
  -18.02    10.12   -36.22       -18.02    10.12   -36.22     0.001
   11.35   -16.19    -2.63        11.35   -16.19    -2.64     0.001
   34.37     3.14    13.26        34.37     3.14    13.25     0.001
  -35.06   -16.06   -43.62       -35.06   -16.06   -43.62     0.000
   -7.16   -24.83   -16.05        -7.16   -24.83   -16.05     0.001
   -9.13    16.18    13.50        -9.13    16.18    13.50     0.001
   22.29    -9.49   -23.36        22.29    -9.49   -23.36     0.001
   24.32    -3.52    21.75        24.32    -3.52    21.75     0.001
   23.45    13.00    40.59        23.45    13.00    40.59     0.002
  -22.38    10.35   -35.28       -22.38    10.35   -35.28     0.001
  -43.00   -16.07   -25.84       -43.00   -16.07   -25.84     0.000
    5.44    23.03    33.10         5.44    23.03    33.10     0.001
  -14.67    10.60   -31.20       -14.67    10.60   -31.20     0.000
   12.70   -16.97    -3.95        12.70   -16.97    -3.95     0.001
    1.25   -18.03   -23.63         1.25   -18.03   -23.63     0.001
   11.89    -6.01    24.95        11.89    -6.01    24.95     0.001
   28.85    -3.52   -26.28        28.85    -3.52   -26.28     0.001
   24.39    17.48    25.94        24.39    17.48    25.94     0.001
  -39.84   -18.01   -15.88       -39.84   -18.01   -15.88     0.001
  -42.71    -2.59   -26.39       -42.71    -2.59   -26.39     0.000
   13.20    25.61    -7.52        13.20    25.61    -7.52     0.000
    9.23    -5.65    30.82         9.23    -5.65    30.82     0.002
  -30.02   -28.31   -16.20       -30.02   -28.31   -16.20     0.001
    2.71    20.20    61.03         2.71    20.20    61.03     0.002
   32.21     0.76    15.46        32.21     0.75    15.46     0.001
  -33.64    -6.93    -8.16       -33.64    -6.93    -8.16     0.001
   22.42    11.00    50.92        22.42    11.00    50.92     0.002
   16.10    25.44   -10.67        16.10    25.44   -10.67     0.000
   29.13    20.72     9.59        29.13    20.72     9.59     0.001
  -21.04   -20.04    -6.35       -21.04   -20.04    -6.35     0.001
   -4.16   -21.50   -36.15        -4.16   -21.50   -36.15     0.001
   28.14    -9.72     1.57        28.14    -9.72     1.57     0.001
   10.56     9.56   -13.00        10.56     9.56   -13.00     0.000
  -38.67    -9.65   -11.47       -38.67    -9.65   -11.47     0.001
   17.87   -17.44    -7.12        17.87   -17.44    -7.12     0.001
   12.46    23.17   -11.64        12.46    23.17   -11.64     0.000
  -15.11    -2.84   -46.90       -15.11    -2.84   -46.90     0.001
  -29.48   -18.02   -45.91       -29.49   -18.02   -45.91     0.001
  -28.96   -25.81   -40.41       -28.96   -25.81   -40.41     0.001
  -35.99     3.41   -15.82       -35.99     3.41   -15.82     0.001
    0.10    19.12    58.88         0.10    19.11    58.88     0.002
   27.90    22.50   -10.03        27.90    22.50   -10.03     0.000
   -5.17    23.13    36.18        -5.16    23.13    36.18     0.002
  -16.94   -10.03   -48.24       -16.94   -10.03   -48.24     0.001
   27.06    16.10    19.54        27.06    16.10    19.54     0.001
   -3.19    -2.61    61.28        -3.19    -2.62    61.28     0.002
    3.60    -5.33    53.07         3.60    -5.33    53.07     0.002
   17.50    20.32    47.34        17.50    20.32    47.34     0.002
  -14.28   -17.92    -6.37       -14.28   -17.92    -6.37     0.001
