15 PA3-E-Debug-Output.txt
   -8.92    -1.64    40.53        -5.92    -0.82    40.41     3.113
   -9.25   -11.55     7.93        -8.19    -9.36     7.34     2.499
   -7.66     4.75    60.93        -6.98     5.02    60.87     0.735
  -23.87    -9.96    -5.57       -23.97    -9.97    -5.43     0.172
   26.46     9.48    16.42        29.82    10.71    18.25     4.021
    2.50    -7.86    37.76         2.54    -6.98    37.71     0.884
  -29.88   -10.82   -50.60       -29.06   -10.50   -47.67     3.066
   17.83     8.74    53.39        22.02     8.79    53.92     4.216
  -42.83   -24.15   -32.38       -39.35   -21.95   -31.51     4.201
   24.25    11.12    18.99        28.25    12.25    20.33     4.371
  -39.94     4.14   -31.17       -38.74     2.97   -30.65     1.749
    3.85    -7.96   -24.68         4.12    -7.87   -25.05     0.462
  -39.00   -28.97   -26.14       -36.55   -26.43   -26.35     3.528
    0.40    -4.19    61.68         0.38    -4.10    63.44     1.761
   17.77   -10.31     4.60        18.08   -10.90     4.88     0.730
