20 PA3-G-Unknown-Output.txt
  -20.58    -9.81    -7.88       -22.18   -10.45    -4.42     3.858
   -1.50    -4.44    38.14        -1.98    -5.87    38.30     1.509
   22.64   -12.57   -23.44        23.36   -11.17   -22.07     2.078
  -11.36   -31.08   -39.52       -12.67   -28.06   -37.80     3.715
    0.13    15.26    56.69        -1.01    16.69    56.71     1.824
   39.46    -3.32   -19.19        35.64    -2.48   -17.97     4.106
    2.68   -21.06   -33.83        -0.87   -19.53   -33.67     3.868
   14.03     5.16    60.47        13.85     5.25    63.03     2.573
  -26.13   -33.18   -29.93       -25.89   -32.19   -29.91     1.017
   19.09    -5.44    43.04        18.15    -4.11    43.06     1.632
   -2.35   -25.57   -38.59        -5.38   -23.15   -36.51     4.400
   25.04    17.85    25.00        24.30    17.37    24.71     0.925
    9.50    -6.12   -25.31         8.77    -5.49   -22.38     3.085
   40.25    -1.25     7.25        38.26    -0.43     6.46     2.285
   17.54    -4.93    55.32        16.53    -3.96    55.23     1.408
  -22.93   -17.66   -50.03       -22.94   -16.92   -48.04     2.124
   -6.45    24.00    20.45        -6.46    24.14    20.42     0.145
  -10.99   -23.68   -46.65       -12.32   -22.53   -43.65     3.473
  -30.35   -29.13   -20.32       -30.71   -29.72   -20.20     0.703
    9.33    -8.41    24.41         9.21    -7.21    24.30     1.212
