15 PA3-B-Debug-Output.txt
  -32.32     7.30   -25.56       -33.70     8.05   -25.48     1.576
  -11.17    20.03    15.14       -10.46    19.60    16.14     1.296
   31.76     9.64   -26.23        31.83     9.89   -25.79     0.511
    7.55    18.56    52.87         7.31    20.34    53.52     1.912
    0.54    -4.39   -28.23        -0.06    -4.45   -27.71     0.786
    3.09    17.98    42.69         2.77    20.06    43.06     2.134
   35.99    10.36   -11.06        36.48    10.99   -11.82     1.102
   -6.65     6.56   -15.89        -6.62     8.30   -15.60     1.769
   25.77    -9.03     6.82        25.68    -8.24     6.07     1.092
   10.63    21.35    21.71        10.66    23.84    22.27     2.553
   -5.53    11.14    55.85        -5.51    11.17    55.36     0.492
  -33.00   -29.93   -38.18       -31.83   -27.75   -35.87     3.386
   14.24   -11.74   -23.83        14.00    -9.10   -21.55     3.496
  -26.38   -12.84   -51.62       -25.93   -12.67   -48.35     3.300
  -14.81    10.21    17.04       -12.25    10.82    17.82     2.744
