15 PA3-C-Debug-Output.txt
   26.34     4.27    24.18        28.00     4.27    24.56     1.711
   33.35    16.13     2.15        34.16    16.99     1.94     1.201
   22.94     3.05   -31.26        23.43     3.60   -29.60     1.817
   -4.12   -24.74   -27.60        -4.30   -25.85   -27.30     1.158
   12.99    26.79    -2.30        13.04    26.88    -2.34     0.107
  -28.47   -27.99   -17.00       -27.85   -29.28   -16.76     1.458
   14.80    20.03   -31.66        14.97    19.04   -31.11     1.147
    7.84    22.29    -6.57         8.29    21.62    -6.32     0.852
   37.54     6.07     6.16        38.94     5.84     7.22     1.775
   -8.57     5.38    37.05        -7.34     6.01    37.11     1.379
  -18.31   -15.76   -50.26       -18.36   -15.44   -48.32     1.975
  -34.57   -12.68   -48.44       -33.94   -12.51   -46.21     2.323
   14.47    13.74   -31.22        14.61    14.13   -29.27     1.994
   38.22    -0.64    -8.09        38.15    -0.73    -8.14     0.123
  -22.82     3.04   -46.76       -22.84     1.97   -44.85     2.187
