15 PA3-A-Debug-Output.txt
  -31.35    -6.20    -8.51       -31.35    -6.20    -8.50     0.001
   -6.49    11.34    45.49        -6.49    11.35    45.49     0.003
   13.91     9.46   -15.97        13.91     9.46   -15.97     0.001
  -31.29     4.63   -39.50       -31.30     4.63   -39.50     0.001
   15.72    25.49    11.56        15.72    25.49    11.56     0.001
   21.00    -9.59   -22.46        21.00    -9.59   -22.46     0.000
   -8.17     6.18    31.74        -8.17     6.18    31.74     0.002
   -7.20     0.00   -40.03        -7.20     0.00   -40.03     0.000
  -34.39     2.30   -39.28       -34.40     2.30   -39.28     0.003
  -34.47     7.56   -25.94       -34.47     7.56   -25.94     0.001
   14.55     8.61    63.15        14.55     8.61    63.15     0.001
   28.26    21.49     8.20        28.26    21.49     8.20     0.001
   18.76    17.93    45.29        18.76    17.93    45.29     0.001
   12.38    16.93   -27.80        12.37    16.92   -27.80     0.003
   -3.32    23.12    32.61        -3.32    23.11    32.61     0.004
