20 PA3-H-Unknown=-Output.txt
   10.00     6.05    63.28        10.00     6.39    62.87     0.534
   -1.69    20.11    50.72        -0.28    18.08    50.45     2.484
    6.80    -9.99   -21.88         6.93   -10.54   -22.72     1.016
  -18.31   -13.67   -48.37       -18.13   -12.78   -48.86     1.025
   25.54    10.92    27.46        26.36    11.05    27.57     0.845
  -19.39    -8.92    -2.42       -18.95    -8.70    -2.85     0.647
    9.93    23.75    26.32         9.33    23.21    26.22     0.814
   19.69     3.31    52.69        21.41     2.84    53.83     2.115
  -23.88    -0.32    -8.15       -23.18    -1.00    -9.19     1.427
    9.47    -3.62    29.23         9.77    -6.72    29.81     3.171
  -10.95    19.19    38.05       -10.04    19.08    37.51     1.067
  -42.16   -17.49   -22.91       -42.06   -17.49   -22.12     0.799
   19.16    22.96    23.22        18.76    22.44    23.32     0.660
   10.49    -3.60    49.27        10.92    -6.37    49.33     2.802
   -6.90    -7.74    16.18        -6.52    -8.04    15.85     0.590
   20.28    13.35    51.57        20.92    13.78    51.19     0.860
   37.72    11.13     1.45        38.13    11.41     1.77     0.597
    7.64    12.43    63.32         7.97    12.17    63.23     0.429
   20.22    25.57    13.62        19.71    24.08    12.90     1.732
   28.80    -3.96   -24.88        28.47    -3.68   -26.00     1.201
