15 PA3-F-Debug-Output.txt
   -3.06     8.83    -1.30        -4.24    10.90    -1.54     2.393
    1.40   -18.78   -33.62        -0.54   -18.24   -33.74     2.013
   17.93    20.30    33.09        18.20    21.34    33.27     1.089
   22.89    22.27   -15.83        24.68    24.14   -16.24     2.617
    8.42    -6.23    46.88         8.44    -6.76    46.90     0.531
    6.91    -9.36   -23.81         6.59    -9.32   -23.38     0.539
  -28.71   -15.67    -7.62       -28.42   -15.63    -6.94     0.735
   -2.81    19.12    44.23        -2.62    18.76    43.81     0.589
  -35.12     2.92   -28.59       -37.45     4.63   -29.44     3.013
   23.49    -3.23   -25.14        23.89    -3.74   -26.51     1.511
  -12.25   -24.20    -9.20       -13.05   -23.19    -9.92     1.478
  -15.15   -22.76    -8.17       -15.50   -22.15    -9.08     1.147
  -17.90    -6.78    -1.09       -17.72    -6.72    -1.19     0.212
   30.17    -8.50   -23.57        29.70    -7.84   -22.90     1.054
  -31.65    -8.19    -9.87       -31.90    -7.03    -8.22     2.030
