15 PA3-D-Debug-Output.txt
  -33.10     3.34   -17.13       -33.00     4.40   -15.15     2.247
  -10.76   -27.57   -16.97       -10.47   -27.99   -16.83     0.536
    8.10   -16.09     0.17         8.72   -15.20    -0.72     1.403
  -37.37    -9.26   -45.04       -36.34    -9.16   -43.83     1.595
   24.15    22.77    -1.45        24.87    24.53    -1.20     1.918
   33.93    12.70   -13.14        35.57    13.63   -13.15     1.890
  -22.21   -30.44   -15.92       -22.51   -30.54   -16.51     0.666
   15.75    16.34   -31.76        16.14    16.73   -31.01     0.938
   -7.07   -17.33   -44.30        -7.80   -16.39   -43.49     1.441
   19.84     9.16    41.36        23.61    10.64    41.50     4.049
   28.79    10.19    15.25        30.39    11.26    16.83     2.493
    6.71     9.82    62.35         6.76     9.55    63.31     0.994
  -16.73    21.83    20.10       -14.42    20.67    21.16     2.800
   19.02    22.27    13.71        20.46    23.60    14.12     2.001
    9.36    19.78    57.15         8.46    20.48    57.83     1.326
