20 PA3-J-Unknown-Output.txt
  -14.53    28.01    28.75       -12.77    23.66    27.98     4.765
   28.34    -0.54    13.98        29.84    -2.66    15.30     2.912
   12.05    21.68   -30.24        12.56    21.11   -29.19     1.304
   -4.63    -3.28   -28.27        -2.59    -2.20   -29.60     2.663
   -9.44   -10.00     0.92       -10.17   -11.09     2.26     1.874
   24.91    24.62     5.36        24.63    24.04     5.27     0.646
   -0.49    20.73     3.85         1.30    19.48     5.19     2.565
   -2.85    -2.41    41.17        -4.38    -3.56    41.00     1.925
  -33.56     9.14   -38.09       -31.93     6.09   -36.63     3.751
  -36.12    -7.38    -5.75       -35.11    -8.78    -8.23     3.030
   10.02    23.69   -28.64        12.40    21.66   -28.81     3.138
  -45.73   -14.61   -25.71       -43.62   -14.05   -25.86     2.185
    8.77    -0.33   -20.79         8.89    -0.06   -21.20     0.506
  -10.06    11.00   -16.32        -9.84     8.19   -16.50     2.828
   17.44    -0.70    35.21        19.03    -4.26    35.44     3.907
   -9.75     9.76    31.69       -10.09     9.39    31.82     0.521
  -29.03   -13.81    -5.07       -28.96   -13.41    -6.17     1.173
  -23.31    15.91   -21.55       -22.81    11.85   -21.81     4.095
   27.75    21.01   -17.83        28.23    21.68   -18.04     0.849
   19.82     4.95    45.76        22.76     4.35    46.30     3.048
